Cesium1.43/MyDemos/sampledata/wind/2017121300.json
{"header": { "discipline":0, "disciplineName":"Meteorological products", "gribEdition":2, "gribLength":73503, "center":7, "centerName":"US National Weather Service - NCEP(WMC)", "subcenter":2, "refTime":"2018-06-25T00:00:00.000Z", "significanceOfRT":1, "significanceOfRTName":"Start of forecast", "productStatus":0, "productStatusName":"Operational products", "productType":3, "productTypeName":"Control Forecast products", "productDefinitionTemplate":1, "productDefinitionTemplateName":"Individual ensemble forecast at a point in time", "parameterCategory":2, "parameterCategoryName":"Momentum", "parameterNumber":3, "parameterNumberName":"V-component_of_wind", "parameterUnit":"m.s-1", "genProcessType":4, "genProcessTypeName":"Ensemble Forecast", "forecastTime":0, "surface1Type":103, "surface1TypeName":"Specified height level above ground", "surface1Value":10.0, "surface2Type":255, "surface2TypeName":"Missing", "surface2Value":0.0, "gridDefinitionTemplate":0, "gridDefinitionTemplateName":"Latitude_Longitude", "numberPoints":65160, "shape":6, "shapeName":"Earth spherical with radius of 6,371,229.0 m", "gridUnits":"degrees", "resolution":48, "winds":"true", "scanMode":0, "nx":360, "ny":181, "basicAngle":0, "subDivisions":0, "lo1":0.0, "la1":90.0, "lo2":359.0, "la2":-90.0, "dx":1.0, "dy":1.0 }, "data":
[rows 0 to 36 of 181, columns 168 to 251 of 360]
-2.12,-2.23,-2.34,-2.44,-2.55,-2.66,-2.77,-2.87,-2.98,-3.08,-3.18,-3.29,-3.39,-3.49,-3.58,-3.68,-3.78,-3.87,-3.97,-4.06,-4.15,-4.24,-4.33,-4.42,-4.51,-4.59,-4.68,-4.76,-4.84,-4.92,-5.0,-5.08,-5.15,-5.22,-5.3,-5.37,-5.43,-5.5,-5.57,-5.63,-5.69,-5.75,-5.81,-5.87,-5.92,-5.97,-6.03,-6.08,-6.12,-6.17,-6.21,-6.25,-6.29,-6.33,-6.37,-6.4,-6.43,-6.46,-6.49,-6.52,-6.54,-6.57,-6.59,-6.6,-6.62,-6.64,-6.65,-6.66,-6.67,-6.67,-6.68,-6.68,-6.68,-6.68,-6.67,-6.67,-6.66,-6.65,-6.64,-6.62,-6.61,-6.59,-6.57,-6.55
-2.6,-2.72,-2.84,-2.95,-3.07,-3.19,-3.3,-3.42,-3.53,-3.64,-3.75,-3.86,-3.98,-4.07,-4.18,-4.28,-4.38,-4.49,-4.58,-4.68,-4.77,-4.86,-4.96,-5.05,-5.13,-5.21,-5.3,-5.38,-5.46,-5.54,-5.61,-5.68,-5.75,-5.82,-5.89,-5.97,-6.04,-6.12,-6.19,-6.27,-6.35,-6.39,-6.44,-6.48,-6.53,-6.58,-6.62,-6.63,-6.65,-6.67,-6.69,-6.7,-6.72,-6.74,-6.77,-6.79,-6.81,-6.83,-6.84,-6.85,-6.85,-6.86,-6.87,-6.88,-6.87,-6.87,-6.87,-6.87,-6.86,-6.85,-6.83,-6.82,-6.8,-6.79,-6.77,-6.74,-6.71,-6.69,-6.66,-6.63,-6.6,-6.56,-6.52,-6.48
-3.27,-3.39,-3.5,-3.62,-3.73,-3.84,-3.95,-4.06,-4.16,-4.26,-4.36,-4.47,-4.56,-4.66,-4.75,-4.84,-4.93,-5.02,-5.12,-5.19,-5.27,-5.35,-5.44,-5.51,-5.59,-5.65,-5.72,-5.79,-5.85,-5.92,-5.97,-6.02,-6.08,-6.13,-6.18,-6.23,-6.26,-6.31,-6.34,-6.38,-6.42,-6.45,-6.48,-6.5,-6.54,-6.56,-6.59,-6.61,-6.64,-6.66,-6.68,-6.7,-6.72,-6.73,-6.75,-6.76,-6.77,-6.79,-6.8,-6.8,-6.81,-6.82,-6.82,-6.82,-6.82,-6.81,-6.81,-6.81,-6.8,-6.78,-6.77,-6.75,-6.73,-6.71,-6.69,-6.65,-6.62,-6.58,-6.55,-6.51,-6.48,-6.45,-6.43,-6.4
-3.79,-3.89,-3.99,-4.09,-4.19,-4.28,-4.36,-4.45,-4.54,-4.62,-4.71,-4.79,-4.87,-4.95,-5.03,-5.1,-5.17,-5.24,-5.3,-5.36,-5.41,-5.46,-5.49,-5.52,-5.55,-5.57,-5.59,-5.6,-5.6,-5.61,-5.63,-5.64,-5.66,-5.67,-5.68,-5.7,-5.71,-5.72,-5.74,-5.77,-5.81,-5.84,-5.87,-5.9,-5.93,-5.96,-5.99,-6.02,-6.05,-6.07,-6.1,-6.13,-6.15,-6.18,-6.2,-6.22,-6.24,-6.26,-6.28,-6.29,-6.31,-6.32,-6.33,-6.34,-6.36,-6.39,-6.42,-6.44,-6.46,-6.43,-6.4,-6.37,-6.34,-6.26,-6.17,-6.09,-6.0,-5.94,-5.88,-5.81,-5.75,-5.7,-5.67,-5.62
-4.03,-4.09,-4.16,-4.22,-4.28,-4.33,-4.39,-4.44,-4.49,-4.55,-4.61,-4.67,-4.74,-4.8,-4.85,-4.92,-4.97,-5.03,-5.08,-5.12,-5.17,-5.21,-5.27,-5.31,-5.36,-5.41,-5.48,-5.55,-5.62,-5.7,-5.78,-5.85,-5.94,-6.06,-6.17,-6.27,-6.28,-6.28,-6.29,-6.27,-6.24,-6.22,-6.19,-6.15,-6.11,-6.06,-6.0,-5.93,-5.86,-5.91,-5.95,-6.0,-6.03,-6.06,-6.08,-6.1,-6.12,-6.15,-6.17,-6.19,-6.22,-6.24,-6.26,-6.27,-6.3,-6.29,-6.26,-6.23,-6.22,-6.23,-6.25,-6.26,-6.26,-6.25,-6.24,-6.22,-6.18,-6.16,-6.12,-6.08,-6.04,-6.0,-5.95,-5.91
-3.73,-3.75,-3.77,-3.79,-3.81,-3.83,-3.85,-3.88,-3.91,-3.93,-3.96,-3.99,-4.02,-4.05,-4.08,-4.11,-4.14,-4.16,-4.18,-4.2,-4.22,-4.22,-4.23,-4.23,-4.23,-4.22,-4.22,-4.21,-4.2,-4.19,-4.18,-4.19,-4.18,-4.18,-4.19,-4.19,-4.21,-4.22,-4.24,-4.27,-4.3,-4.34,-4.38,-4.43,-4.5,-4.59,-4.68,-4.74,-4.77,-4.82,-4.81,-4.81,-4.81,-4.83,-4.86,-4.89,-4.93,-4.98,-5.04,-5.13,-5.23,-5.33,-5.45,-5.56,-5.67,-5.77,-5.87,-5.95,-6.02,-6.09,-6.13,-6.16,-6.19,-6.18,-6.16,-6.15,-6.11,-6.08,-6.03,-5.99,-5.93,-5.87,-5.81,-5.75
-3.48,-3.49,-3.51,-3.52,-3.54,-3.56,-3.58,-3.61,-3.62,-3.64,-3.65,-3.66,-3.67,-3.67,-3.67,-3.67,-3.66,-3.64,-3.63,-3.62,-3.59,-3.56,-3.54,-3.5,-3.47,-3.42,-3.38,-3.33,-3.29,-3.25,-3.2,-3.16,-3.11,-3.08,-3.05,-3.02,-2.99,-2.97,-2.95,-2.94,-2.92,-2.92,-2.92,-2.93,-2.93,-2.95,-2.97,-2.99,-3.03,-3.07,-3.12,-3.18,-3.25,-3.32,-3.4,-3.48,-3.57,-3.65,-3.75,-3.83,-3.93,-4.04,-4.16,-4.28,-4.41,-4.56,-4.71,-4.86,-5.01,-5.17,-5.3,-5.46,-5.64,-5.76,-5.81,-5.87,-5.9,-5.93,-5.85,-5.74,-5.62,-5.49,-5.34,-5.11
-3.92,-3.95,-3.99,-4.02,-4.06,-4.09,-4.12,-4.14,-4.17,-4.19,-4.21,-4.21,-4.21,-4.21,-4.19,-4.17,-4.15,-4.12,-4.09,-4.05,-4.01,-3.96,-3.91,-3.85,-3.78,-3.71,-3.64,-3.57,-3.49,-3.42,-3.35,-3.28,-3.22,-3.16,-3.11,-3.06,-3.01,-2.96,-2.92,-2.87,-2.83,-2.79,-2.75,-2.71,-2.67,-2.63,-2.6,-2.57,-2.55,-2.53,-2.52,-2.51,-2.51,-2.52,-2.54,-2.55,-2.58,-2.61,-2.66,-2.71,-2.77,-2.83,-2.9,-2.97,-3.05,-3.14,-3.22,-3.29,-3.37,-3.45,-3.54,-3.65,-3.79,-3.88,-3.98,-4.08,-4.17,-4.24,-4.31,-4.32,-4.29,-4.24,-4.2,-4.13
-4.17,-4.24,-4.31,-4.37,-4.42,-4.46,-4.5,-4.53,-4.55,-4.56,-4.56,-4.58,-4.6,-4.54,-4.49,-4.45,-4.41,-4.35,-4.28,-4.21,-4.13,-4.05,-3.95,-3.86,-3.76,-3.67,-3.58,-3.49,-3.4,-3.31,-3.23,-3.14,-3.07,-2.99,-2.91,-2.83,-2.76,-2.7,-2.62,-2.57,-2.52,-2.47,-2.42,-2.38,-2.35,-2.3,-2.27,-2.24,-2.21,-2.19,-2.17,-2.17,-2.18,-2.19,-2.21,-2.24,-2.26,-2.29,-2.31,-2.32,-2.34,-2.35,-2.35,-2.36,-2.36,-2.36,-2.37,-2.38,-2.41,-2.45,-2.49,-2.56,-2.63,-2.71,-2.79,-2.87,-2.95,-3.02,-3.08,-3.12,-3.15,-3.16,-3.17,-3.17
-4.53,-4.65,-4.75,-4.81,-4.85,-4.87,-4.87,-4.85,-4.82,-4.78,-4.72,-4.65,-4.59,-4.52,-4.44,-4.36,-4.28,-4.2,-4.08,-3.96,-3.83,-3.71,-3.61,-3.49,-3.38,-3.27,-3.16,-3.07,-2.96,-2.86,-2.77,-2.67,-2.59,-2.5,-2.42,-2.34,-2.28,-2.21,-2.16,-2.09,-2.01,-1.96,-1.9,-1.84,-1.81,-1.79,-1.77,-1.75,-1.72,-1.7,-1.69,-1.67,-1.67,-1.66,-1.66,-1.66,-1.67,-1.68,-1.7,-1.72,-1.75,-1.77,-1.82,-1.86,-1.9,-1.94,-1.99,-2.04,-2.09,-2.14,-2.19,-2.24,-2.3,-2.35,-2.42,-2.48,-2.54,-2.61,-2.68,-2.74,-2.8,-2.86,-2.91,-2.94
-4.59,-4.63,-4.64,-4.63,-4.63,-4.62,-4.6,-4.55,-4.49,-4.42,-4.34,-4.26,-4.17,-4.06,-3.95,-3.82,-3.69,-3.55,-3.42,-3.28,-3.15,-3.02,-2.89,-2.77,-2.66,-2.54,-2.42,-2.29,-2.14,-2.0,-1.87,-1.74,-1.61,-1.48,-1.35,-1.23,-1.11,-0.98,-0.86,-0.75,-0.65,-0.56,-0.48,-0.43,-0.39,-0.35,-0.33,-0.33,-0.35,-0.38,-0.42,-0.45,-0.48,-0.5,-0.53,-0.57,-0.64,-0.72,-0.82,-0.91,-1.0,-1.07,-1.13,-1.18,-1.21,-1.25,-1.29,-1.35,-1.41,-1.48,-1.56,-1.64,-1.73,-1.84,-1.95,-2.06,-2.19,-2.31,-2.44,-2.56,-2.67,-2.77,-2.86,-2.93
-4.57,-4.54,-4.5,-4.44,-4.37,-4.32,-4.22,-4.13,-4.04,-3.95,-3.85,-3.76,-3.68,-3.58,-3.48,-3.37,-3.26,-3.16,-3.06,-2.96,-2.86,-2.77,-2.66,-2.57,-2.47,-2.37,-2.24,-2.1,-1.96,-1.8,-1.62,-1.42,-1.21,-0.99,-0.76,-0.54,-0.31,-0.14,0.01,0.11,0.19,0.26,0.33,0.38,0.43,0.46,0.46,0.44,0.41,0.37,0.32,0.26,0.18,0.09,0.0,-0.1,-0.22,-0.33,-0.45,-0.58,-0.7,-0.83,-0.94,-1.03,-1.1,-1.16,-1.22,-1.29,-1.36,-1.44,-1.52,-1.58,-1.62,-1.64,-1.67,-1.71,-1.77,-1.84,-1.91,-2.01,-2.17,-2.39,-2.61,-2.79
-4.59,-4.51,-4.42,-4.33,-4.23,-4.08,-3.95,-3.86,-3.81,-3.78,-3.77,-3.74,-3.67,-3.51,-3.35,-3.22,-3.15,-3.16,-3.16,-3.13,-3.07,-2.96,-2.81,-2.62,-2.39,-2.13,-1.83,-1.51,-1.17,-0.84,-0.53,-0.26,-0.04,0.16,0.33,0.5,0.68,0.88,1.07,1.26,1.42,1.55,1.66,1.74,1.75,1.69,1.6,1.5,1.41,1.3,1.19,1.1,1.01,0.88,0.75,0.61,0.45,0.28,0.11,-0.04,-0.18,-0.3,-0.42,-0.54,-0.67,-0.81,-0.99,-1.17,-1.44,-1.7,-1.9,-1.98,-1.98,-2.0,-2.09,-2.26,-2.37,-2.52,-2.64,-2.75,-2.97,-3.4,-3.29,-2.86
-4.29,-4.2,-4.09,-3.96,-3.89,-3.79,-3.68,-3.58,-3.5,-3.42,-3.35,-3.25,-3.15,-3.09,-3.06,-3.04,-3.02,-2.96,-2.87,-2.73,-2.57,-2.41,-2.22,-2.01,-1.76,-1.47,-1.19,-0.93,-0.71,-0.49,-0.25,0.04,0.37,0.74,1.14,1.52,1.87,2.17,2.41,2.6,2.75,2.86,2.98,3.02,3.0,2.93,2.79,2.68,2.54,2.38,2.21,2.02,1.83,1.61,1.38,1.15,0.96,0.76,0.56,0.38,0.22,0.08,-0.07,-0.22,-0.37,-0.52,-0.65,-0.78,-0.93,-1.11,-1.39,-1.7,-2.11,-2.62,-3.02,-3.27,-3.15,-3.0,-2.96,-2.98,-3.02,-3.05,-3.08,-3.12
-4.05,-3.85,-3.68,-3.56,-3.45,-3.32,-3.18,-3.05,-2.97,-2.93,-2.92,-2.94,-2.97,-3.0,-3.03,-3.04,-3.03,-2.97,-2.87,-2.74,-2.61,-2.42,-2.15,-1.78,-1.37,-0.97,-0.59,-0.22,0.15,0.52,0.88,1.24,1.57,1.87,2.2,2.49,2.72,2.94,3.15,3.35,3.53,3.68,3.8,3.84,3.82,3.75,3.63,3.48,3.33,3.16,3.0,2.81,2.63,2.42,2.18,1.86,1.46,1.04,0.64,0.28,0.02,-0.12,-0.22,-0.32,-0.43,-0.55,-0.65,-0.73,-0.85,-1.44,-1.88,-2.18,-2.43,-2.55,-2.75,-2.9,-3.2,-3.59,-4.06,-4.34,-4.22,-3.93,-3.92,-4.29
-3.23,-3.14,-3.1,-3.09,-3.1,-3.11,-3.11,-3.11,-3.14,-3.17,-3.22,-3.28,-3.33,-3.34,-3.31,-3.22,-3.06,-2.81,-2.46,-2.02,-1.52,-1.0,-0.48,0.02,0.46,0.81,1.14,1.51,1.9,2.29,2.63,2.94,3.22,3.5,3.72,3.82,3.86,3.86,3.88,3.89,3.92,3.95,4.04,4.12,4.18,4.2,4.16,4.07,3.91,3.7,3.46,3.2,2.96,2.75,2.56,2.31,1.92,1.39,0.77,0.24,-0.12,-0.32,-0.41,-0.44,-0.39,-0.36,-0.33,-0.29,-0.28,-0.37,-0.58,-0.94,-1.34,-1.79,-2.32,-2.87,-3.48,-3.54,-3.65,-3.83,-3.77,-3.57,-3.57,-3.82
-3.01,-3.12,-3.22,-3.23,-3.23,-3.24,-3.28,-3.33,-3.38,-3.4,-3.38,-3.3,-3.15,-2.92,-2.6,-2.18,-1.64,-0.98,-0.24,0.53,1.25,1.87,2.36,2.79,3.13,3.4,3.61,3.78,3.93,4.06,4.21,4.38,4.52,4.58,4.55,4.43,4.24,4.04,3.88,3.78,3.69,3.69,3.9,4.23,4.53,4.75,4.78,4.65,4.38,4.03,3.66,3.28,2.89,2.48,2.11,1.81,1.55,1.27,0.96,0.65,0.45,0.37,0.35,0.31,0.25,0.19,0.14,0.0,-0.4,-1.01,-1.76,-2.56,-3.13,-3.45,-3.91,-4.26,-4.08,-3.77,-3.61,-3.42,-2.98,-2.45,-2.03,-1.85
-2.81,-2.83,-2.81,-2.78,-2.74,-2.73,-2.72,-2.73,-2.74,-2.75,-2.74,-2.77,-2.83,-2.68,-2.08,-0.92,0.51,1.87,2.98,3.8,4.36,4.71,4.93,5.06,5.2,5.26,5.39,5.39,5.32,5.22,5.1,4.97,4.81,4.62,4.41,4.18,3.93,3.69,3.53,3.42,3.29,3.21,3.44,3.94,4.35,4.5,4.42,4.2,3.89,3.54,3.17,2.81,2.47,2.18,1.94,1.78,1.64,1.47,1.3,1.13,0.94,0.69,0.34,-0.07,-0.4,-0.62,-0.95,-1.68,-2.43,-2.94,-3.3,-3.67,-4.05,-4.14,-3.65,-3.16,-3.19,-3.92,-4.74,-4.89,-4.53,-3.85,-3.61,-3.41
-2.12,-1.94,-1.72,-1.53,-1.48,-1.63,-1.91,-2.18,-2.41,-2.67,-2.89,-2.96,-2.74,-1.81,-0.11,1.71,3.12,4.45,5.79,6.6,6.76,6.73,6.7,6.57,6.52,6.88,6.31,5.53,5.26,5.03,4.78,4.49,4.22,3.96,3.73,3.29,2.84,2.47,2.26,2.11,1.89,1.78,2.17,2.82,3.19,3.29,3.24,3.1,2.9,2.69,2.49,2.35,2.3,2.33,2.3,2.1,1.73,1.26,0.83,0.41,-0.04,-0.52,-0.95,-1.35,-1.7,-2.06,-2.58,-3.14,-3.64,-3.91,-4.25,-4.57,-3.91,-3.71,-4.35,-4.63,-4.8,-4.66,-4.86,-5.25,-5.51,-5.58,-6.23,-5.78
-1.48,-1.27,-1.09,-1.01,-1.06,-1.26,-1.53,-1.83,-2.37,-2.94,-2.61,-1.01,0.4,0.72,1.17,2.54,4.52,6.99,9.61,10.21,9.36,8.14,7.47,7.07,7.69,6.61,5.92,5.29,4.84,4.54,4.08,3.24,2.13,1.06,0.4,0.37,0.21,-0.34,-0.48,-0.47,-0.48,-0.28,0.22,0.84,1.31,1.53,1.63,1.68,1.65,1.56,1.45,1.4,1.45,1.56,1.54,1.38,1.16,0.9,0.48,-0.15,-0.84,-1.62,-2.41,-2.84,-3.2,-3.21,-3.87,-4.81,-3.9,-1.18,-0.03,-2.51,-5.63,-5.65,-5.42,-5.25,-5.33,-5.91,-6.47,-6.85,-6.87,-6.68,-6.73,-7.11
-1.78,-1.45,-1.17,-1.05,-1.7,-2.7,-3.06,-2.64,-2.15,-1.36,-0.46,0.01,0.01,0.12,1.22,3.36,6.33,9.83,11.37,10.66,9.43,8.8,8.84,8.57,8.27,7.99,7.18,5.82,4.08,2.47,1.15,-0.17,-0.39,0.71,1.77,1.38,-0.09,-1.05,-1.51,-2.58,-3.93,-4.43,-4.02,-3.27,-2.67,-2.33,-2.01,-1.66,-1.19,-0.64,-0.21,0.07,0.52,1.02,1.06,0.71,0.39,0.16,-0.73,-1.72,-2.06,-2.2,-2.93,-3.59,-3.6,-3.21,-2.77,-2.9,-3.0,-2.77,-2.94,-4.33,-5.88,-6.73,-6.26,-5.73,-5.34,-6.17,-7.38,-7.49,-6.53,-5.58,-5.9,-6.83
-1.9,-0.46,-0.68,-0.8,1.36,3.55,3.9,3.43,2.37,1.28,1.42,1.84,0.7,-0.04,1.46,4.41,7.74,10.73,12.31,12.06,10.78,9.31,8.3,7.81,8.06,8.19,6.33,3.67,1.32,0.61,0.25,-0.06,0.1,0.56,0.42,-0.84,-2.05,-2.25,-2.01,-2.47,-3.23,-3.79,-3.73,-3.59,-3.23,-2.97,-2.18,-1.02,-0.23,-0.25,-0.31,-0.42,-0.73,-0.99,-2.1,-3.32,-3.33,-1.64,-1.21,-1.98,-2.95,-3.51,-3.73,-3.71,-3.46,-3.33,-3.65,-4.2,-4.81,-5.39,-5.23,-5.91,-7.41,-8.32,-8.03,-7.19,-5.3,-3.53,-3.83,-5.74,-6.04,-5.9,-5.65,-5.38
1.66,1.68,-0.5,-0.29,4.0,6.66,5.87,4.74,3.94,3.28,2.73,2.3,2.32,3.59,5.76,7.41,7.3,8.93,9.97,8.76,7.41,7.18,7.22,7.27,7.58,6.73,5.37,3.74,2.44,1.24,0.23,-0.51,-1.31,-1.8,-1.95,-2.31,-2.44,-2.05,-1.86,-2.56,-3.45,-3.31,-2.61,-2.17,-1.19,-0.26,0.0,0.01,-0.06,0.01,0.39,0.47,-0.4,-1.26,-1.05,-0.23,0.28,-0.13,-1.13,-1.67,-1.71,-1.68,-1.86,-2.17,-2.53,-3.13,-3.52,-3.78,-3.7,-3.9,-3.88,-4.1,-5.25,-6.8,-8.21,-8.84,-8.52,-7.08,-5.11,-3.09,-1.42,-1.98,-4.27,-5.36
3.37,4.51,4.51,3.91,4.78,5.84,5.3,4.2,3.8,3.39,2.92,3.8,5.57,6.84,7.31,7.79,8.56,8.76,7.17,5.36,3.62,4.88,7.53,7.74,6.26,4.27,1.61,-0.26,0.17,0.81,-0.53,-1.31,-1.09,-0.97,-1.32,-1.38,-1.0,-0.02,0.44,0.48,0.81,1.13,1.03,0.6,0.34,-0.06,-0.93,-1.78,-2.09,-1.71,-1.31,-0.98,-0.42,-0.37,-0.29,0.14,0.0,-1.17,-2.05,-2.17,-1.7,-1.62,-1.74,-1.4,-1.17,-1.81,-3.22,-4.49,-4.88,-3.5,-0.71,-0.17,-2.78,-5.14,-5.84,-5.97,-6.33,-7.19,-8.43,-8.77,-9.2,-8.83,-8.06,-6.57
3.55,3.4,3.7,3.28,3.83,4.28,3.06,2.11,2.6,2.68,2.86,2.78,2.9,5.31,7.19,8.04,7.93,6.25,4.96,5.14,5.47,4.95,5.51,5.4,2.43,-0.65,-1.97,-1.08,-0.26,-1.07,-2.56,-2.85,-2.4,-2.07,-2.23,-2.54,-1.67,-0.5,-0.19,-0.6,-0.92,-1.12,-1.29,-1.23,-1.11,-1.36,-1.99,-2.27,-1.81,-1.11,-0.72,-0.6,-1.03,-1.39,-0.01,1.4,0.11,-1.88,-3.0,-2.93,-2.0,-1.42,-1.43,-1.66,-1.99,-2.47,-2.82,-3.91,-2.66,-0.83,-0.06,-1.42,-2.22,-1.98,-3.26,-5.1,-6.09,-6.39,-7.77,-8.85,-9.63,-8.95,-7.77,-7.07
2.77,1.88,-1.06,-0.5,1.72,2.11,1.54,1.07,1.31,1.69,2.4,4.66,6.84,8.01,7.53,6.99,6.32,4.9,3.86,3.78,4.92,3.94,2.82,2.54,1.99,1.1,0.39,-0.04,0.12,0.62,0.93,-0.09,-1.08,-1.19,-1.14,-1.31,-1.7,-1.91,-1.57,-1.66,-2.04,-2.08,-1.14,-0.17,0.08,-0.08,-0.47,-0.9,-1.45,-2.09,-2.71,-2.87,-3.09,-3.34,-3.32,-2.57,-2.6,-4.3,-4.42,-2.73,-2.22,-1.97,-2.48,-2.76,-2.53,-2.84,-3.1,-2.89,-2.29,-1.73,-2.09,-3.43,-4.23,-5.33,-5.55,-5.19,-5.27,-5.52,-5.75,-5.77,-5.13,-3.57,-2.5,-2.07
-0.24,-0.87,-1.64,-0.29,0.98,0.95,0.47,-0.47,-1.5,-0.21,3.43,7.33,8.91,7.7,6.99,5.9,4.85,4.47,3.81,2.74,2.05,1.65,1.87,2.45,2.16,0.97,0.22,-0.09,-0.81,-1.27,-1.42,-1.37,-1.33,-1.36,-1.37,-1.25,-1.51,-2.01,-2.34,-2.04,-1.29,-1.57,-1.91,-1.74,-1.39,-1.26,-2.11,-2.23,-2.33,-3.58,-4.67,-4.88,-4.12,-2.59,-2.12,-1.56,-0.87,-0.71,0.82,1.53,0.61,-0.27,-0.97,-0.88,0.13,-0.4,-2.5,-3.84,-3.79,-3.79,-4.19,-4.37,-4.58,-5.17,-5.53,-5.25,-4.8,-4.15,-3.66,-3.28,-3.0,-2.83,-3.15,-3.1
-2.25,-1.5,-1.13,-0.33,-0.68,-1.34,-1.92,-1.61,-0.74,-0.35,1.03,4.81,7.51,6.33,5.99,4.65,3.86,3.54,3.04,2.63,2.86,3.44,3.29,2.36,1.83,0.64,-1.5,-3.31,-3.37,-3.36,-2.48,-1.1,-0.04,-1.36,-2.69,-2.83,-2.95,-3.39,-3.6,-3.28,-1.81,0.09,-0.34,-2.48,-1.3,0.12,-1.6,-2.07,-3.52,-3.48,-1.42,-1.31,-1.89,-1.35,-0.21,0.89,1.12,0.46,-0.42,-0.95,0.44,1.83,2.2,2.36,0.78,-1.36,-1.65,-2.63,-3.69,-3.67,-4.14,-4.66,-4.5,-4.08,-4.11,-3.91,-3.82,-4.12,-4.25,-4.36,-4.25,-3.75,-3.16,-2.61
-2.55,-1.03,0.61,0.34,0.39,1.76,1.88,1.6,-0.05,-1.28,3.38,7.42,6.17,5.32,4.67,3.45,2.9,3.12,3.26,2.97,2.98,3.34,3.21,2.79,2.22,-0.43,-3.43,-2.33,-0.96,-0.91,-1.32,-1.23,-1.78,-2.64,-3.24,-3.71,-4.53,-4.5,-2.81,-0.92,0.69,-0.06,-0.08,0.24,-0.87,-2.67,-2.6,-1.19,-1.1,-1.86,-3.33,-4.22,-2.54,-0.94,-1.0,-0.21,1.18,1.59,1.08,2.27,3.5,2.26,3.2,3.56,2.14,2.89,2.6,-0.17,-2.93,-3.87,-3.13,-3.27,-3.09,-3.31,-3.61,-3.7,-3.72,-3.14,-0.24,1.52,2.14,0.69,-1.28,-1.9
2.52,2.24,1.87,2.56,1.18,-0.14,-0.16,-0.22,-0.32,2.29,6.73,7.0,5.22,4.43,3.9,3.28,3.13,3.14,3.3,3.0,2.21,2.64,3.39,2.97,1.86,1.17,1.3,1.64,0.72,-0.79,-1.57,-1.4,-1.23,-1.51,-1.86,-2.47,-3.46,-0.43,1.3,0.79,2.14,2.08,0.46,0.26,1.73,1.72,1.3,1.92,0.78,0.83,0.85,-0.82,-1.73,-0.91,2.72,3.93,3.08,2.49,2.23,3.17,3.69,3.0,4.32,4.17,2.89,1.66,1.55,2.28,-0.15,-1.32,-1.62,-2.56,-2.5,-2.25,-2.27,-2.21,-0.38,1.38,-0.07,-1.85,-2.83,-2.62,-1.98,-1.85
2.14,2.3,-0.5,-0.79,2.4,4.09,3.31,2.62,2.87,3.26,3.3,3.35,3.17,3.03,3.26,3.58,3.43,2.43,2.04,2.19,1.86,2.22,3.01,3.98,4.79,4.7,3.92,3.18,2.83,2.63,0.91,-0.48,1.24,2.28,1.77,0.16,0.7,3.08,1.72,2.55,3.85,0.26,0.46,2.54,3.3,3.22,1.53,-0.36,-0.46,0.31,0.35,0.52,0.55,0.74,2.13,3.54,3.91,3.13,2.8,2.87,3.83,3.33,2.27,2.47,2.21,1.51,1.32,1.32,-0.56,-1.53,-1.61,-1.41,-1.59,-1.75,-1.58,-1.31,-1.52,-2.16,-2.84,-2.66,-2.22,-2.14,-1.51,-0.2
1.78,0.31,-0.71,2.55,5.62,3.79,1.98,1.5,0.97,0.78,0.9,1.04,1.43,1.95,2.04,2.34,2.76,2.53,1.6,1.37,1.84,2.46,2.72,2.82,3.04,3.39,3.82,3.18,2.25,1.0,-0.19,2.02,3.48,2.24,3.39,3.21,2.78,0.64,-1.2,2.29,2.08,2.57,2.94,1.97,1.77,1.74,1.1,-0.42,-2.34,-2.54,-1.09,-1.39,-2.11,-0.69,0.27,1.0,1.6,1.92,2.69,3.1,2.28,1.94,1.99,1.32,0.78,0.84,0.49,-0.53,-2.11,-1.65,0.51,1.03,0.86,0.68,-0.34,-0.62,0.42,0.36,-0.32,-0.74,-0.67,-0.34,-0.12,-0.86
1.68,0.92,0.75,1.27,1.7,0.15,-0.65,-0.61,-0.64,-0.28,0.1,0.36,0.51,0.72,1.23,1.6,1.94,2.3,2.52,2.71,2.38,2.31,2.59,3.11,3.21,3.15,3.37,2.91,2.66,3.05,3.0,2.12,1.03,1.0,0.56,-0.35,-1.26,1.21,3.39,0.85,2.76,3.44,1.34,1.42,1.35,1.0,0.4,-0.6,-2.53,-3.98,-2.78,-2.27,-2.57,-2.86,-2.58,-0.17,0.22,0.93,1.36,0.38,0.66,1.41,0.26,0.65,2.08,1.88,2.11,2.68,1.61,1.69,1.95,2.0,1.66,1.74,1.28,1.22,0.78,-0.01,0.21,-0.33,-1.34,-1.62,-1.4,-0.82
0.7,-0.6,-1.28,-1.59,-2.56,-3.28,-2.15,-1.34,-1.22,-1.24,-0.95,-0.69,-0.19,0.4,0.89,1.49,2.09,2.56,2.99,2.9,3.13,3.61,3.36,3.53,3.67,3.81,3.2,3.28,3.35,3.06,3.7,2.18,-1.84,-3.62,-0.26,3.09,4.99,2.96,0.28,1.94,2.19,0.96,1.14,1.69,2.11,1.4,0.1,-1.11,-3.08,-5.02,-5.08,-4.52,-4.37,-2.3,-1.16,-0.76,0.39,-0.12,-1.97,0.65,0.98,0.81,0.71,0.72,1.7,1.51,1.18,2.9,2.4,2.8,3.88,3.25,3.03,2.55,2.59,2.71,1.82,1.39,0.81,0.48,0.49,0.35,0.67,1.97
-1.82,-3.12,-4.11,-5.13,-5.71,-4.31,-2.67,-2.05,-2.08,-2.24,-2.49,-2.35,-2.08,-1.79,-1.19,-0.43,0.51,1.69,2.59,2.73,3.15,5.03,5.8,4.46,4.65,6.27,5.65,4.19,6.23,4.54,4.87,5.45,3.98,4.45,5.88,4.38,3.11,2.55,1.29,0.62,0.77,1.05,1.15,0.91,0.38,0.11,-1.06,-2.98,-4.18,-5.36,-6.06,-5.97,-5.77,-5.71,-2.89,1.04,3.38,3.49,0.65,1.06,2.09,1.37,0.21,0.87,1.39,1.75,2.11,2.38,2.22,1.73,1.05,0.26,-0.56,-1.2,-0.8,0.06,0.83,0.69,0.09,-0.21,-0.17,0.5,1.69,2.31
-4.72,-5.83,-7.09,-7.68,-6.84,-5.21,-3.55,-3.09,-3.35,-3.56,-3.67,-3.86,-3.79,-2.85,-1.57,-0.26,1.14,2.42,3.23,3.2,2.86,4.05,5.03,3.45,4.01,6.44,7.97,5.64,5.21,6.59,5.22,5.93,5.09,5.12,4.98,4.36,3.66,3.08,2.32,1.53,0.99,0.48,-0.08,-0.1,-1.14,-2.11,-2.64,-4.12,-4.64,-6.02,-7.31,-8.74,-8.47,-4.16,-0.92,1.19,4.21,5.99,2.36,0.39,3.83,2.75,0.25,0.99,0.71,0.13,2.12,2.07,1.62,-0.33,-1.0,-1.43,-1.62,-0.56,1.76,1.85,0.64,1.27,2.57,2.4,1.86,2.41,2.42,1.99
-7.07,-8.13,-8.81,-8.76,-7.68,-5.92,-4.72,-3.81,-3.44,-3.98,-4.37,-4.47,-4.19,-3.24,-1.67,-0.01,1.38,2.76,4.22,5.29,5.39,4.51,4.58,5.14,4.49,3.98,5.75,6.4,6.61,7.36,7.69,7.52,6.92,6.23,5.51,4.83,4.22,3.44,2.83,2.32,1.67,0.75,-0.7,-1.07,-1.72,-2.94,-3.01,-4.54,-5.56,-6.95,-8.99,-9.7,-6.47,-4.21,-1.23,1.12,3.35,5.11,5.63,0.65,4.61,8.01,2.6,2.0,1.14,2.05,1.83,1.46,0.92,-1.32,-1.42,0.42,1.99,2.39,3.3,2.85,2.89,2.38,2.21,1.61,1.04,0.9,1.68,1.95
