Cesium1.43/MyDemos/sampledata/wind/2017121300.json
{"header": { "discipline":0, "disciplineName":"Meteorological products", "gribEdition":2, "gribLength":73503, "center":7, "centerName":"US National Weather Service - NCEP(WMC)", "subcenter":2, "refTime":"2018-06-25T00:00:00.000Z", "significanceOfRT":1, "significanceOfRTName":"Start of forecast", "productStatus":0, "productStatusName":"Operational products", "productType":3, "productTypeName":"Control Forecast products", "productDefinitionTemplate":1, "productDefinitionTemplateName":"Individual ensemble forecast at a point in time", "parameterCategory":2, "parameterCategoryName":"Momentum", "parameterNumber":3, "parameterNumberName":"V-component_of_wind", "parameterUnit":"m.s-1", "genProcessType":4, "genProcessTypeName":"Ensemble Forecast", "forecastTime":0, "surface1Type":103, "surface1TypeName":"Specified height level above ground", "surface1Value":10.0, "surface2Type":255, "surface2TypeName":"Missing", "surface2Value":0.0, "gridDefinitionTemplate":0, "gridDefinitionTemplateName":"Latitude_Longitude", "numberPoints":65160, "shape":6, "shapeName":"Earth spherical with radius of 6,371,229.0 m", "gridUnits":"degrees", "resolution":48, "winds":"true", "scanMode":0, "nx":360, "ny":181, "basicAngle":0, "subDivisions":0, "lo1":0.0, "la1":90.0, "lo2":359.0, "la2":-90.0, "dx":1.0, "dy":1.0 }, "data":
[rows 37 to 73 of 181, columns 168 to 251 of 360]
-8.58,-9.45,-9.83,-9.15,-7.36,-5.11,-4.07,-3.23,-2.91,-3.02,-3.45,-3.53,-3.17,-2.4,-0.9,1.03,2.18,2.97,4.25,5.24,5.96,5.97,5.42,4.84,6.03,6.19,6.79,6.95,7.17,7.87,8.25,8.37,8.14,7.53,6.63,5.75,5.03,4.53,3.89,2.72,1.57,0.68,-0.77,-1.82,-2.27,-3.2,-3.63,-4.84,-6.29,-7.96,-10.19,-9.05,-6.96,-5.67,-2.05,0.58,2.64,4.54,6.02,6.5,4.08,6.66,4.59,1.97,1.9,2.08,1.69,1.37,0.96,-1.49,0.77,5.22,5.16,4.82,3.41,1.31,2.56,2.87,2.63,2.23,1.32,0.73,1.11,1.97
-9.48,-9.75,-9.22,-7.66,-5.76,-4.82,-3.27,-1.93,-0.95,-0.55,-0.82,-0.87,-0.78,-0.37,0.66,1.39,1.98,3.21,2.91,3.67,4.52,5.97,6.75,7.57,8.08,9.2,9.38,9.1,9.02,9.16,9.28,8.93,8.46,8.03,7.66,6.98,5.76,4.79,4.16,3.13,1.85,0.77,-0.65,-2.21,-2.98,-3.53,-4.24,-5.25,-6.98,-8.55,-10.49,-9.72,-8.25,-6.44,-2.83,-0.41,2.09,4.13,5.91,6.96,6.53,5.49,4.6,2.57,1.57,0.93,1.71,2.21,-0.21,-2.38,2.65,5.95,4.73,4.25,2.83,2.63,2.7,3.79,3.27,2.66,1.71,0.98,1.73,1.16
-9.39,-9.01,-7.57,-5.73,-4.35,-1.7,0.55,0.47,0.26,-0.05,-0.38,0.09,1.02,1.9,2.68,3.09,3.41,3.76,3.66,3.53,3.71,4.41,5.69,7.15,8.43,10.22,11.43,12.26,12.8,12.37,11.28,10.53,9.71,8.97,8.02,7.33,6.45,5.36,4.42,3.43,2.12,0.91,-0.26,-1.74,-2.97,-3.72,-4.62,-5.75,-7.26,-8.82,-10.27,-10.49,-9.08,-8.05,-5.15,-3.11,0.85,4.63,6.9,7.51,7.0,6.37,5.11,2.0,0.05,-0.34,0.54,1.62,3.55,3.41,4.75,6.55,4.59,3.56,2.94,1.96,1.64,2.6,4.1,2.7,2.03,1.88,1.21,-0.44
-7.2,-6.58,-5.36,-3.57,-1.29,0.51,0.66,0.47,0.41,0.16,0.31,1.23,2.06,3.08,3.73,3.86,4.08,4.35,4.38,3.91,3.2,2.97,3.24,4.52,6.87,9.68,11.99,13.93,14.38,13.95,12.8,11.62,10.46,9.4,8.49,7.68,6.7,5.64,4.69,3.86,2.51,1.26,0.16,-1.04,-2.46,-3.63,-4.64,-5.83,-7.05,-8.5,-9.69,-10.21,-9.13,-7.67,-5.85,-3.04,1.56,5.42,7.46,8.05,7.33,6.26,4.99,2.32,0.78,0.96,0.12,-1.09,-0.42,0.66,3.7,3.35,4.37,5.28,2.96,1.56,2.82,2.19,3.09,2.6,1.67,0.69,-0.69,-2.12
-5.63,-4.67,-3.15,-1.63,-0.22,0.62,1.71,2.11,1.88,1.83,2.13,2.87,3.86,4.69,5.39,5.9,5.75,4.97,4.07,3.42,3.25,2.89,2.7,2.72,4.04,7.81,11.62,14.35,15.48,15.03,13.76,12.6,11.21,9.91,8.51,7.52,6.73,5.95,4.95,3.99,2.85,1.61,0.51,-0.66,-1.95,-3.24,-4.23,-5.55,-6.5,-7.68,-8.85,-9.62,-9.1,-6.85,-4.67,-2.3,0.71,3.89,6.57,7.63,6.83,5.58,3.97,1.44,-1.55,-0.86,-2.83,-0.76,-1.79,-1.7,0.22,2.39,5.12,4.32,2.58,1.5,1.3,1.51,1.7,1.25,0.96,0.32,-0.75,-1.9
-3.57,-2.37,-0.91,0.21,1.17,1.98,2.59,2.73,2.81,2.96,3.27,3.84,4.47,5.12,5.89,6.52,6.87,6.81,5.76,4.23,3.19,2.49,1.93,1.8,2.5,6.11,10.82,13.76,15.32,15.5,14.27,13.26,12.1,10.51,9.03,7.91,6.83,6.13,5.32,4.16,3.02,1.81,0.75,-0.48,-1.86,-3.18,-4.17,-5.6,-6.52,-7.4,-8.21,-8.62,-8.23,-6.89,-4.72,-2.12,0.45,3.06,5.48,6.21,5.2,4.0,2.57,-0.06,-2.66,-2.01,-4.44,-5.68,-0.76,-1.57,-1.82,2.63,5.5,4.97,3.08,1.31,0.85,1.2,0.65,0.75,0.91,0.13,-1.96,-4.09
-1.85,-0.63,0.55,1.62,2.27,2.59,2.98,3.38,3.43,3.58,3.8,4.2,4.86,5.67,6.07,6.44,6.68,6.47,5.84,4.81,3.77,3.11,2.07,1.24,1.68,4.58,10.12,13.57,14.97,15.59,15.1,13.77,12.21,10.88,9.55,8.26,7.37,6.47,5.42,4.45,3.13,1.75,0.56,-0.48,-1.42,-2.61,-3.96,-5.34,-6.44,-7.47,-7.98,-7.93,-7.37,-6.27,-4.39,-2.05,0.26,2.64,3.9,3.81,2.8,1.68,0.73,-2.06,-4.31,-2.49,-4.58,-6.79,-4.37,-0.17,-0.55,3.66,4.17,3.25,1.88,1.52,0.39,-0.23,-0.02,1.13,0.21,-0.48,-1.6,-3.43
-1.84,-0.75,0.42,1.47,2.3,2.72,3.03,3.41,3.71,4.02,4.49,4.85,5.2,5.45,5.77,6.04,5.77,5.41,5.12,4.15,3.16,2.19,1.32,0.52,0.76,3.36,9.58,13.59,15.83,15.85,14.72,13.93,13.05,12.06,10.62,8.41,6.92,6.06,5.46,4.29,3.05,1.68,0.27,-0.78,-1.53,-2.38,-3.57,-4.74,-5.91,-6.91,-7.36,-7.08,-6.31,-5.42,-3.92,-2.21,-0.37,0.97,1.32,0.98,0.24,-0.42,-1.42,-4.21,-5.16,-3.11,-5.12,-7.0,-6.32,-1.03,1.07,1.49,0.9,-1.23,-0.22,-0.05,-1.32,0.09,0.17,0.13,1.01,0.0,-1.38,-3.12
-1.94,-0.84,0.6,2.11,3.2,3.85,4.12,4.09,4.1,4.28,4.59,4.8,4.93,5.14,5.29,5.29,4.89,4.4,4.16,3.29,2.17,1.43,0.25,-0.92,-0.52,2.22,8.44,12.75,14.85,15.44,15.1,14.38,13.54,11.84,9.98,8.23,6.65,5.76,5.1,3.93,2.75,1.43,0.33,-0.82,-1.9,-2.55,-3.28,-4.29,-5.38,-6.35,-6.72,-6.66,-6.09,-5.23,-4.06,-2.8,-1.87,-1.55,-1.42,-1.57,-2.07,-2.7,-3.85,-6.07,-5.73,-4.15,-6.08,-7.81,-5.47,0.1,-0.79,0.09,1.32,2.22,2.91,2.77,1.35,0.38,0.29,-0.09,-1.2,-1.52,-1.38,-3.25
-2.69,-1.45,0.47,2.39,3.78,4.31,4.29,4.08,4.05,4.24,4.61,4.83,4.92,5.08,5.32,5.05,4.2,3.65,3.14,2.04,0.75,-0.4,-1.44,-1.81,-1.54,2.08,8.01,12.08,14.18,14.86,14.64,13.59,12.43,11.65,10.51,8.77,7.09,5.52,4.58,3.59,2.41,1.42,0.3,-1.15,-2.12,-2.82,-3.79,-4.38,-4.97,-5.89,-6.26,-6.14,-5.71,-5.16,-4.59,-4.09,-3.69,-3.42,-3.28,-3.41,-3.96,-4.62,-5.97,-7.36,-5.41,-5.34,-6.99,-8.29,-3.27,-1.67,-0.63,3.07,4.23,2.96,1.36,0.1,1.5,1.54,1.43,1.55,0.11,-1.27,-2.49,-1.07
-4.05,-0.15,3.92,6.24,6.77,6.72,6.18,5.47,4.95,4.59,4.55,4.62,4.71,4.65,4.55,4.26,3.7,3.1,2.31,1.0,-0.23,-1.28,-2.16,-2.52,-1.83,2.98,8.7,11.81,13.84,14.42,14.2,13.4,12.75,11.76,10.1,8.76,7.38,5.78,4.35,3.2,2.15,1.29,0.27,-0.83,-1.84,-2.58,-3.52,-4.72,-5.39,-5.64,-5.87,-6.01,-5.78,-5.37,-5.05,-4.78,-4.67,-4.52,-4.58,-4.91,-5.43,-6.08,-7.27,-7.69,-5.07,-5.89,-7.25,-7.83,-1.96,-1.93,1.6,1.9,1.47,0.3,0.78,-0.64,-0.47,0.25,1.04,0.75,-2.29,-1.93,-1.35,-0.22
4.11,8.32,11.21,12.86,12.48,10.39,8.42,6.77,5.66,5.09,4.95,4.85,4.72,4.3,3.76,3.24,2.09,1.3,0.18,-0.82,-1.49,-2.67,-2.97,-2.56,-0.85,4.59,10.34,13.79,14.59,14.68,14.24,13.27,12.57,11.58,10.02,8.9,7.33,5.82,4.54,3.36,1.61,1.17,1.27,-0.42,-2.1,-2.79,-3.63,-4.69,-5.61,-6.14,-6.43,-6.52,-6.44,-6.21,-6.01,-5.87,-5.78,-5.72,-5.72,-6.04,-6.74,-7.66,-8.43,-7.76,-5.44,-6.25,-6.64,-8.89,1.19,-0.01,0.34,0.76,0.55,0.83,0.08,0.49,-0.66,-1.56,-0.72,-1.7,-1.82,-2.36,-1.01,-0.72
7.08,9.55,11.9,12.58,12.97,11.37,8.82,6.8,5.55,4.86,4.59,4.5,4.2,3.65,2.94,1.97,0.48,-0.58,-1.46,-2.05,-2.64,-3.03,-2.83,-2.05,0.63,5.83,11.42,14.56,14.49,13.85,13.93,13.52,12.57,11.18,9.93,8.52,6.99,5.64,4.42,3.24,1.81,0.57,0.25,-0.63,-2.32,-3.28,-4.23,-5.23,-5.98,-6.47,-6.66,-6.66,-6.73,-6.66,-6.44,-6.53,-6.68,-6.72,-6.86,-7.35,-8.27,-8.99,-8.88,-7.78,-6.43,-6.91,-6.32,-5.36,-0.28,1.62,1.61,0.37,2.34,-0.64,-1.15,0.41,1.27,0.26,0.86,-0.83,-0.33,-2.31,-3.24,-4.17
8.44,10.86,12.57,12.21,11.85,10.43,8.54,6.83,5.37,4.14,4.04,3.58,2.96,2.25,0.68,-0.42,-0.97,-1.5,-1.88,-2.22,-2.71,-3.24,-2.69,0.47,4.44,7.59,8.76,11.0,12.25,13.13,13.7,12.4,11.54,10.22,8.73,6.99,5.81,5.15,4.05,2.81,1.67,0.22,-0.97,-1.86,-2.44,-3.46,-4.33,-5.29,-6.04,-6.52,-6.85,-7.0,-7.04,-7.13,-7.13,-7.14,-7.22,-7.45,-7.94,-8.89,-9.74,-9.85,-8.57,-6.46,-5.97,-6.6,-6.56,-7.16,0.76,1.48,2.83,1.96,-1.59,-0.37,-1.25,-1.5,-0.09,-0.09,-1.26,-2.67,-2.41,-0.74,0.29,-1.25
8.9,11.85,12.78,12.56,12.04,10.7,9.31,7.58,6.12,5.54,4.04,2.31,2.01,0.68,-0.54,-1.06,-1.57,-2.07,-2.7,-2.82,-2.85,-0.94,2.8,6.37,8.82,10.37,12.57,13.16,12.21,12.09,12.13,11.35,10.7,9.52,7.66,6.88,5.98,4.99,3.94,2.78,1.51,0.06,-1.14,-2.18,-3.09,-4.03,-4.6,-5.14,-5.83,-6.39,-6.87,-7.2,-7.34,-7.36,-7.33,-7.29,-7.67,-8.27,-9.22,-10.28,-10.79,-10.33,-8.11,-5.93,-5.85,-6.05,-6.75,-7.11,0.12,0.85,3.59,2.64,-0.69,-3.42,-2.3,-1.5,-0.75,0.02,0.01,-2.4,-0.97,-1.84,-1.69,-1.88
9.5,12.03,12.38,11.72,10.7,9.9,8.41,6.92,5.61,4.71,2.61,1.46,0.63,-0.22,-1.23,-2.02,-2.49,-2.4,-2.28,-1.23,2.74,5.72,7.25,8.5,9.79,10.85,10.58,9.8,10.71,11.46,10.93,9.71,9.06,7.97,7.02,6.08,6.23,4.97,3.31,2.18,1.1,0.08,-1.06,-2.32,-3.01,-3.72,-4.63,-5.26,-5.82,-6.39,-6.91,-7.07,-7.21,-7.4,-7.45,-7.7,-8.24,-9.21,-10.38,-10.97,-11.14,-10.1,-8.44,-7.37,-7.05,-7.15,-7.07,-8.42,-3.04,2.18,0.2,-3.62,0.31,-0.8,-0.47,0.92,0.73,-0.06,-0.13,-3.39,-3.34,-1.19,-4.16,-3.17
10.31,11.27,10.77,9.42,8.31,7.51,6.7,5.59,4.52,3.23,1.91,0.89,-0.59,-1.55,-1.94,-2.37,-2.91,-1.92,2.22,5.43,7.05,8.13,8.74,9.4,9.0,8.01,7.14,6.97,8.54,9.27,8.67,7.94,7.0,6.48,6.04,5.28,4.64,3.85,2.78,1.21,-0.02,-1.08,-2.04,-3.24,-4.03,-4.66,-5.08,-5.6,-6.08,-6.39,-6.67,-7.05,-7.34,-7.61,-7.95,-8.47,-9.31,-10.2,-10.86,-11.12,-10.81,-10.03,-9.31,-9.13,-9.11,-9.06,-8.24,-7.42,-2.71,2.51,0.39,-1.23,-3.56,0.5,3.56,3.12,2.9,1.25,2.46,-1.6,0.91,-0.85,-3.52,-4.9
8.9,8.59,8.07,7.45,6.57,5.76,5.04,4.01,2.83,2.07,1.1,0.24,-0.32,-1.62,-2.48,-1.28,1.49,4.24,6.3,7.61,8.29,8.29,8.02,7.76,7.04,6.59,6.2,5.9,6.95,6.92,6.53,5.92,4.9,4.49,4.43,4.38,3.96,2.76,1.53,0.32,-0.81,-1.74,-2.61,-3.44,-4.2,-4.91,-5.41,-5.94,-6.35,-6.66,-7.01,-7.3,-7.67,-8.01,-8.47,-9.16,-10.04,-10.59,-10.64,-10.47,-10.25,-10.58,-10.53,-10.95,-10.68,-9.97,-9.18,-7.73,-2.1,1.54,3.38,1.09,0.93,-1.71,4.11,3.03,1.65,3.12,1.42,-0.1,-0.62,-1.1,-2.16,-3.7
6.04,5.9,5.52,4.78,4.25,3.77,3.6,2.79,1.94,1.75,1.58,0.59,-0.36,-0.02,1.4,3.41,5.29,6.23,6.2,6.3,7.11,7.25,6.82,6.35,5.99,5.4,4.73,4.43,4.98,5.14,4.45,3.01,2.23,3.93,4.33,3.88,2.76,1.42,0.39,-0.51,-1.47,-2.55,-3.44,-4.21,-4.88,-5.22,-5.48,-5.83,-6.18,-6.7,-7.29,-7.56,-8.06,-8.65,-9.03,-9.16,-9.19,-9.07,-9.22,-9.3,-9.69,-11.34,-11.64,-11.46,-10.31,-9.72,-9.56,-7.57,-3.04,-0.64,2.11,2.09,-0.13,-2.8,3.22,1.43,3.05,5.39,4.74,4.13,3.71,1.86,-1.09,-2.11
3.5,3.17,2.25,2.26,2.24,2.62,2.6,1.81,1.49,1.0,0.54,0.12,-0.01,1.14,3.85,5.51,5.27,4.94,4.39,5.73,6.9,6.29,5.57,4.93,4.49,4.17,4.01,3.93,3.98,3.69,3.16,3.77,4.99,4.89,4.49,2.9,1.52,0.44,-0.52,-1.38,-1.95,-2.69,-3.21,-3.76,-4.32,-4.84,-5.1,-5.64,-6.17,-6.65,-6.91,-7.47,-7.78,-7.5,-7.5,-7.27,-7.28,-7.68,-8.22,-8.92,-10.46,-11.6,-11.52,-10.86,-10.31,-9.79,-8.98,-6.98,-4.09,-0.76,2.75,3.92,2.06,1.55,2.09,1.02,2.99,4.51,3.86,3.8,2.81,1.29,0.77,-3.65
0.69,-0.09,-0.72,-0.94,1.84,2.84,2.08,0.97,0.29,1.1,2.11,3.35,4.75,5.06,5.2,4.71,4.6,4.24,4.15,6.05,5.98,5.16,4.48,3.79,3.05,2.74,3.09,3.5,3.32,2.78,4.04,3.82,3.45,3.41,2.69,1.8,1.11,-0.48,-1.25,-1.23,-1.64,-2.36,-3.31,-4.31,-5.15,-4.91,-4.83,-4.89,-4.69,-4.96,-5.54,-5.94,-6.37,-6.24,-5.86,-6.13,-6.69,-7.38,-8.37,-10.26,-11.18,-11.19,-10.78,-10.36,-10.16,-9.6,-8.49,-6.23,-4.34,-1.64,2.04,4.26,3.84,2.49,2.13,0.96,-0.57,2.93,4.91,4.2,-0.27,-1.69,-2.47,-0.63
-2.04,-3.1,-3.26,0.21,2.63,3.4,2.15,2.84,4.58,5.02,5.04,4.44,4.46,4.53,4.5,4.49,4.33,4.27,4.58,5.53,4.74,4.06,3.45,2.85,2.11,1.99,3.95,4.33,3.33,2.57,2.85,2.68,2.2,2.24,1.73,0.83,-0.23,-1.2,-1.6,-2.24,-2.55,-1.93,-1.78,-2.34,-2.28,-2.31,-2.61,-2.93,-3.21,-4.19,-4.82,-5.22,-5.51,-5.93,-6.31,-6.79,-7.45,-8.25,-9.52,-10.11,-10.48,-10.29,-9.91,-9.81,-9.85,-9.27,-7.68,-5.57,-3.68,-2.03,0.34,3.11,3.88,2.6,3.2,2.11,0.73,3.61,5.74,5.68,2.75,-1.51,-3.36,-4.13
-3.27,-2.44,-0.95,-0.56,3.66,2.51,3.21,4.13,4.66,5.24,4.72,4.5,4.2,4.2,4.15,3.84,3.86,4.04,3.67,4.25,3.25,2.8,2.52,2.24,2.21,3.49,3.8,3.25,2.49,1.95,1.57,1.1,1.09,1.54,0.73,-0.05,-1.18,-1.92,-1.8,-1.25,-0.98,-1.03,-1.44,-2.17,-2.98,-3.42,-3.98,-4.4,-4.53,-4.98,-5.45,-5.87,-6.08,-6.06,-6.64,-7.32,-8.13,-8.74,-9.23,-9.29,-9.14,-8.93,-8.79,-8.76,-8.71,-7.91,-6.57,-4.85,-3.48,-2.09,-0.27,1.69,3.36,3.42,4.35,2.4,1.38,-0.57,4.53,5.5,3.38,0.88,-1.63,-1.54
-1.03,0.53,-1.35,1.33,3.38,3.01,3.81,4.09,4.08,4.47,4.57,4.11,3.85,3.84,3.49,3.24,3.29,3.04,3.05,2.89,2.19,2.14,2.08,1.89,2.12,2.84,2.43,1.64,1.28,0.96,0.7,0.65,0.65,0.47,-0.04,-0.8,-1.49,-2.21,-2.4,-1.75,-1.08,-1.01,-0.8,-1.13,-2.14,-3.03,-4.57,-4.19,-4.41,-4.84,-5.29,-5.48,-5.42,-6.08,-6.83,-7.47,-7.95,-8.42,-8.78,-8.74,-8.38,-8.21,-7.98,-7.78,-7.43,-6.68,-5.68,-4.51,-3.6,-2.58,-1.03,0.47,1.7,2.94,3.71,2.12,-0.73,3.06,3.09,5.56,3.96,2.37,0.31,1.03
-0.14,-0.94,-0.46,3.61,2.61,3.59,3.66,3.26,4.38,4.66,4.24,3.81,3.56,3.49,3.48,3.16,2.76,2.35,2.54,2.09,1.75,1.82,1.76,1.94,2.15,1.81,1.44,1.33,0.98,0.61,0.28,0.13,-0.18,-0.53,-0.91,-1.63,-1.97,-2.45,-2.39,-2.03,-1.96,-1.75,-1.71,-1.61,-1.31,-1.96,-2.8,-3.03,-3.47,-3.92,-4.7,-5.31,-5.91,-6.26,-6.55,-7.02,-7.56,-7.99,-8.28,-8.13,-7.89,-7.84,-7.66,-7.26,-6.55,-6.03,-5.35,-4.67,-4.02,-3.13,-1.84,-0.46,0.34,1.95,1.88,1.08,-0.23,-0.91,1.78,2.1,3.41,3.34,0.93,-1.09
-2.02,-0.95,2.14,1.63,3.55,3.66,3.92,3.86,4.54,4.27,4.14,4.04,3.74,3.43,2.75,2.06,1.86,1.74,1.86,1.31,1.03,1.19,1.67,1.67,1.49,1.39,1.27,0.65,0.11,-0.16,-0.57,-0.85,-1.0,-1.09,-1.64,-2.04,-2.91,-3.1,-2.26,-2.47,-2.3,-2.6,-2.84,-2.76,-2.75,-2.47,-2.46,-3.05,-3.77,-4.53,-5.14,-5.51,-5.69,-5.89,-6.33,-6.56,-6.85,-7.29,-7.63,-7.64,-7.56,-7.32,-7.04,-6.77,-6.43,-5.85,-5.19,-4.62,-3.98,-3.28,-2.21,-1.35,-0.33,0.53,0.61,0.36,-1.02,-2.01,-3.86,1.67,3.22,3.34,2.95,0.18
-0.44,0.68,0.97,2.41,2.38,3.87,3.85,3.5,3.84,4.28,4.08,3.68,3.51,2.87,2.35,1.85,1.4,1.32,1.22,0.66,0.59,1.06,1.43,1.65,0.99,0.33,0.08,-0.18,-0.66,-0.9,-1.31,-1.01,-1.75,-2.26,-2.7,-3.64,-3.66,-2.63,-3.0,-2.93,-3.02,-2.98,-2.82,-3.08,-3.52,-3.87,-3.75,-3.58,-3.86,-4.11,-4.49,-4.85,-5.3,-5.51,-5.91,-6.26,-6.69,-7.15,-7.38,-7.45,-7.27,-7.17,-6.94,-6.76,-6.39,-5.73,-5.09,-4.55,-4.08,-3.48,-2.68,-1.9,-1.15,-0.32,-0.06,-0.32,-0.92,-1.71,0.48,3.11,-0.49,2.97,4.09,2.18
0.13,0.92,1.79,1.79,2.05,3.73,3.14,3.23,4.08,3.93,3.62,3.28,2.86,1.98,1.2,0.53,1.05,1.18,0.78,0.49,0.42,0.83,1.37,0.87,0.02,-0.12,0.47,0.3,-0.37,-0.88,-1.34,-1.78,-2.3,-2.72,-3.16,-2.73,-2.4,-3.19,-3.17,-3.41,-3.29,-2.78,-2.64,-2.76,-3.03,-3.72,-4.26,-4.26,-4.36,-4.56,-4.51,-4.83,-5.1,-5.6,-5.86,-6.19,-6.57,-6.87,-7.15,-7.23,-7.14,-6.97,-6.74,-6.39,-5.87,-5.3,-4.73,-4.36,-4.01,-3.36,-2.65,-2.25,-1.56,-0.68,-0.73,-0.81,-1.14,-1.44,-1.2,-1.05,0.55,3.65,3.49,2.74
0.53,1.4,1.09,1.16,2.3,2.64,2.43,3.2,3.33,3.04,2.76,2.39,1.72,1.13,0.3,0.91,0.85,0.74,0.54,0.41,0.13,0.44,0.81,0.17,0.1,0.21,0.01,-0.34,-0.88,-1.56,-2.18,-2.47,-2.4,-2.17,-2.05,-2.29,-2.81,-3.29,-3.57,-3.52,-3.23,-3.1,-3.03,-3.08,-3.15,-3.51,-3.92,-4.46,-4.7,-4.9,-4.9,-5.03,-5.17,-5.42,-5.75,-5.95,-6.15,-6.37,-6.48,-6.59,-6.51,-6.38,-6.13,-5.7,-5.22,-4.85,-4.44,-4.02,-3.42,-2.74,-2.48,-2.09,-1.59,-0.83,-0.42,0.01,-0.57,-1.25,-1.13,-1.49,-1.65,0.85,2.26,0.59
0.31,0.66,0.14,1.26,2.25,1.89,1.9,2.39,2.76,2.43,1.97,1.38,1.02,0.59,0.2,0.35,0.8,0.81,0.56,0.38,-0.11,-0.26,-0.5,-0.79,-1.17,-1.4,-1.06,-1.28,-1.63,-2.46,-2.85,-2.83,-2.78,-2.69,-2.51,-2.37,-2.6,-3.1,-3.65,-3.72,-2.94,-2.84,-2.74,-2.92,-3.33,-3.74,-4.0,-4.33,-4.76,-5.07,-5.27,-5.34,-5.35,-5.46,-5.55,-5.69,-5.83,-5.89,-5.99,-5.91,-5.75,-5.78,-5.54,-5.18,-4.73,-4.41,-4.11,-3.52,-3.0,-2.75,-2.57,-2.13,-1.49,-1.53,-0.94,-0.08,0.03,-0.42,-0.68,-1.1,-1.52,0.11,-0.78,1.18
-0.03,-0.14,-0.02,0.79,1.35,1.51,2.05,2.3,2.38,1.84,1.42,0.73,0.51,0.3,0.1,0.19,0.55,0.73,0.38,0.05,-0.18,-0.58,-1.26,-1.75,-2.08,-1.18,-1.04,-1.23,-1.52,-2.57,-3.01,-3.01,-2.59,-2.79,-2.9,-2.79,-2.78,-3.01,-3.05,-2.96,-3.26,-2.65,-2.63,-2.9,-3.38,-3.75,-4.31,-4.46,-4.76,-4.94,-5.28,-5.44,-5.67,-5.81,-5.72,-5.68,-5.7,-5.6,-5.55,-5.58,-5.46,-5.33,-5.24,-5.03,-4.71,-4.29,-3.87,-3.33,-3.03,-2.73,-2.49,-2.16,-1.91,-1.79,-0.5,0.29,0.1,0.06,-0.01,-0.55,-1.35,-1.98,-1.38,3.67
0.22,-0.56,-0.18,0.82,0.87,1.38,1.47,1.64,1.65,1.72,1.17,0.54,0.0,-0.23,-0.11,-0.1,-0.03,0.32,0.08,-0.14,-0.53,-1.18,-2.04,-2.47,-1.56,-0.72,-1.2,-1.91,-2.48,-2.74,-3.14,-3.85,-2.61,-4.33,-3.44,-3.0,-2.79,-2.62,-2.81,-3.23,-3.5,-2.84,-2.62,-2.89,-3.0,-3.28,-3.99,-4.52,-4.68,-4.93,-5.31,-5.61,-5.86,-6.05,-5.98,-5.81,-5.62,-5.43,-5.42,-5.43,-5.34,-5.22,-5.0,-4.77,-4.54,-4.2,-3.66,-3.19,-2.96,-2.53,-2.11,-1.72,-1.32,-1.03,-0.73,-0.36,-0.08,-0.21,-0.27,-0.21,-1.25,-1.96,-1.27,-0.43
-0.1,-0.08,0.2,0.07,0.5,0.5,0.69,0.46,0.79,1.06,0.89,0.47,-0.13,-0.19,-0.18,-0.46,-0.15,0.11,0.0,-0.55,-1.12,-1.96,-2.39,-2.34,-1.5,-0.83,-1.54,-2.14,-2.89,-3.31,-3.45,-3.36,-4.31,-3.85,-4.28,-3.79,-1.64,-2.39,-2.89,-3.35,-3.38,-3.12,-3.13,-2.95,-2.9,-3.06,-4.01,-4.17,-4.74,-5.07,-5.4,-5.71,-5.95,-6.15,-6.1,-5.94,-5.63,-5.38,-5.26,-5.26,-5.19,-4.93,-4.73,-4.59,-4.51,-4.2,-3.73,-3.36,-2.88,-2.68,-1.6,-1.4,-1.14,-1.21,-1.83,-1.37,-0.79,-0.26,0.53,1.12,-0.34,-1.27,-1.56,-1.83
-0.61,-0.36,-0.59,-0.55,0.14,0.83,0.75,1.09,1.66,1.28,0.01,-0.33,-0.15,-0.03,-0.33,-0.56,-0.14,-0.38,-0.66,-0.47,-0.84,-1.27,-1.75,-1.54,-1.14,-1.32,-1.54,-1.75,-2.38,-2.76,-2.54,-2.77,-3.14,-3.33,-3.7,-3.58,-4.05,-1.79,-3.66,-3.81,-3.72,-3.69,-3.77,-3.34,-3.14,-3.5,-3.6,-3.87,-4.47,-5.08,-5.37,-5.64,-5.94,-6.08,-6.05,-5.87,-5.52,-5.21,-4.97,-4.93,-4.93,-4.77,-4.5,-4.4,-4.35,-4.03,-3.68,-3.43,-3.76,-2.3,-1.87,-1.94,-1.6,-2.11,-3.33,-2.82,-0.97,0.01,0.98,0.61,0.42,-0.55,-1.52,-2.36
-0.68,-0.49,-0.97,-1.03,-0.43,0.31,0.36,0.26,0.6,0.45,-0.05,-0.64,-1.1,-1.07,-0.64,-0.2,0.05,-0.28,-0.38,-0.83,-1.35,-1.92,-1.99,-1.6,-1.55,-1.71,-1.84,-2.06,-2.28,-2.41,-2.76,-2.35,-1.28,-2.87,-5.31,-2.5,0.77,-5.76,-3.95,-3.74,-3.61,-3.85,-3.38,-2.82,-3.14,-3.63,-4.11,-4.28,-4.62,-5.03,-5.38,-5.57,-5.85,-6.06,-6.14,-5.96,-5.57,-5.3,-5.08,-5.01,-4.86,-4.4,-4.01,-3.98,-4.05,-3.98,-3.69,-3.51,-3.73,-2.25,-2.29,-1.46,-1.61,-2.71,-6.13,-5.31,-0.09,3.16,3.2,1.62,0.89,-0.19,-1.48,-2.48
-0.19,-0.62,-0.66,-0.99,-0.85,-0.55,-0.29,-0.39,-0.37,-0.34,-0.73,-1.37,-0.83,-0.62,-0.41,0.14,0.52,0.13,-0.83,-1.72,-1.71,-1.68,-2.09,-2.31,-2.4,-2.18,-2.26,-2.37,-2.49,-2.77,-2.0,-1.59,-1.57,-2.36,-3.52,-1.97,-2.72,-4.38,-3.54,-3.03,-2.63,-2.94,-2.75,-2.54,-3.36,-4.16,-4.7,-4.83,-5.03,-5.15,-5.19,-5.53,-5.63,-5.88,-6.06,-5.77,-5.45,-4.97,-4.87,-4.98,-4.94,-4.23,-3.88,-3.83,-3.74,-3.64,-3.63,-3.27,-3.3,-2.7,-1.34,-1.77,-2.47,-3.34,-7.43,-9.47,4.98,10.51,5.33,3.98,1.98,0.56,-1.13,-2.65
0.21,-0.53,-0.81,-0.66,-0.87,-1.12,-1.18,-0.98,-0.61,-0.63,-0.6,-0.75,-1.18,-1.03,-0.47,0.15,0.16,-0.23,-0.98,-1.78,-2.15,-2.31,-2.55,-2.7,-2.36,-1.72,-2.16,-2.38,-2.59,-2.71,-2.14,-1.66,-1.94,-2.24,-2.54,-2.64,-2.88,-3.32,-3.3,-3.22,-3.31,-3.46,-3.82,-3.87,-3.81,-4.12,-4.43,-4.7,-5.07,-5.3,-5.23,-5.11,-5.26,-5.34,-5.61,-5.6,-5.36,-4.9,-5.27,-5.37,-4.63,-3.73,-3.56,-3.71,-4.08,-4.05,-3.88,-3.91,-3.34,-2.77,-2.58,-2.76,-3.6,-3.88,-4.92,-3.55,11.38,10.26,5.79,3.62,3.14,0.96,-1.23,-2.73
