Cesium1.43/MyDemos/sampledata/wind/2017121300.json
{"header": { "discipline":0, "disciplineName":"Meteorological products", "gribEdition":2, "gribLength":73286, "center":7, "centerName":"US National Weather Service - NCEP(WMC)", "subcenter":2, "refTime":"2018-06-25T00:00:00.000Z", "significanceOfRT":1, "significanceOfRTName":"Start of forecast", "productStatus":0, "productStatusName":"Operational products", "productType":3, "productTypeName":"Control Forecast products", "productDefinitionTemplate":1, "productDefinitionTemplateName":"Individual ensemble forecast at a point in time", "parameterCategory":2, "parameterCategoryName":"Momentum", "parameterNumber":2, "parameterNumberName":"U-component_of_wind", "parameterUnit":"m.s-1", "genProcessType":4, "genProcessTypeName":"Ensemble Forecast", "forecastTime":0, "surface1Type":103, "surface1TypeName":"Specified height level above ground", "surface1Value":10.0, "surface2Type":255, "surface2TypeName":"Missing", "surface2Value":0.0, "gridDefinitionTemplate":0, "gridDefinitionTemplateName":"Latitude_Longitude", "numberPoints":65160, "shape":6, "shapeName":"Earth spherical with radius of 6,371,229.0 m", "gridUnits":"degrees", "resolution":48, "winds":"true", "scanMode":0, "nx":360, "ny":181, "basicAngle":0, "subDivisions":0, "lo1":0.0, "la1":90.0, "lo2":359.0, "la2":-90.0, "dx":1.0, "dy":1.0 }, "data":
[rows 0 to 34 of 181, columns 158 to 236 of 360]
6.61,6.59,6.57,6.55,6.52,6.49,6.47,6.44,6.4,6.37,6.33,6.3,6.26,6.22,6.17,6.13,6.08,6.03,5.98,5.93,5.87,5.81,5.76,5.7,5.63,5.57,5.51,5.44,5.37,5.3,5.23,5.16,5.08,5.0,4.93,4.85,4.77,4.68,4.6,4.51,4.43,4.34,4.25,4.16,4.07,3.98,3.88,3.79,3.69,3.59,3.49,3.39,3.29,3.19,3.09,2.98,2.88,2.77,2.67,2.56,2.45,2.34,2.23,2.12,2.01,1.9,1.79,1.68,1.56,1.45,1.34,1.22,1.11,0.99,0.88,0.76,0.64,0.53,0.41
6.44,6.42,6.38,6.35,6.33,6.29,6.25,6.21,6.16,6.12,6.08,6.03,5.98,5.92,5.87,5.81,5.76,5.69,5.63,5.56,5.5,5.43,5.36,5.28,5.2,5.13,5.05,4.97,4.89,4.8,4.72,4.63,4.54,4.45,4.36,4.26,4.17,4.07,3.97,3.88,3.77,3.67,3.57,3.46,3.36,3.26,3.14,3.04,2.93,2.82,2.72,2.6,2.49,2.37,2.26,2.14,2.03,1.92,1.8,1.68,1.57,1.45,1.34,1.22,1.11,0.99,0.87,0.76,0.64,0.52,0.41,0.29,0.17,0.05,-0.06,-0.18,-0.3,-0.41,-0.53
6.16,6.12,6.07,6.02,5.98,5.94,5.88,5.82,5.76,5.7,5.65,5.59,5.52,5.45,5.38,5.31,5.24,5.17,5.09,5.01,4.94,4.86,4.78,4.69,4.61,4.52,4.43,4.35,4.25,4.16,4.06,3.97,3.87,3.78,3.68,3.58,3.48,3.38,3.28,3.17,3.07,2.97,2.87,2.77,2.67,2.57,2.47,2.37,2.26,2.16,2.06,1.96,1.86,1.77,1.67,1.57,1.47,1.37,1.27,1.17,1.07,0.97,0.87,0.77,0.66,0.56,0.45,0.35,0.24,0.13,0.02,-0.09,-0.2,-0.31,-0.42,-0.54,-0.65,-0.77,-0.89
5.67,5.62,5.57,5.53,5.48,5.43,5.37,5.3,5.24,5.18,5.1,5.03,4.96,4.88,4.81,4.73,4.65,4.57,4.49,4.41,4.34,4.26,4.17,4.1,4.01,3.93,3.85,3.76,3.67,3.58,3.48,3.39,3.28,3.17,3.06,2.96,2.83,2.72,2.59,2.48,2.36,2.24,2.12,2.01,1.89,1.78,1.66,1.54,1.42,1.31,1.2,1.08,0.97,0.86,0.76,0.65,0.54,0.44,0.34,0.25,0.16,0.06,-0.02,-0.1,-0.19,-0.27,-0.36,-0.44,-0.53,-0.62,-0.72,-0.83,-0.94,-1.04,-1.17,-1.31,-1.44,-1.58,-1.72
4.98,4.94,4.89,4.84,4.79,4.73,4.68,4.62,4.56,4.5,4.44,4.38,4.32,4.26,4.2,4.14,4.08,4.03,3.96,3.91,3.86,3.81,3.76,3.71,3.66,3.61,3.56,3.49,3.43,3.34,3.24,3.13,3.01,2.85,2.69,2.53,2.33,2.14,1.94,1.76,1.59,1.41,1.25,1.13,1.02,0.91,0.85,0.79,0.74,0.7,0.67,0.64,0.61,0.59,0.55,0.53,0.5,0.47,0.43,0.39,0.34,0.3,0.26,0.23,0.19,0.15,0.11,0.07,0.02,-0.05,-0.13,-0.2,-0.3,-0.41,-0.52,-0.63,-0.73,-0.84,-0.96
4.28,4.25,4.23,4.21,4.21,4.2,4.15,4.11,4.07,4.05,4.03,4.01,3.99,3.98,3.97,3.96,3.95,3.94,3.93,3.92,3.91,3.89,3.86,3.84,3.82,3.79,3.76,3.73,3.7,3.68,3.65,3.62,3.59,3.57,3.54,3.51,3.47,3.44,3.39,3.36,3.32,3.28,3.24,3.21,3.17,3.14,3.11,3.08,3.04,3.0,2.96,2.92,2.86,2.8,2.74,2.67,2.6,2.52,2.44,2.36,2.31,2.27,2.23,2.25,2.29,2.32,2.36,2.39,2.41,2.39,2.36,2.29,2.17,2.04,1.88,1.7,1.51,1.3,1.08
3.36,3.35,3.35,3.34,3.34,3.34,3.33,3.32,3.31,3.3,3.28,3.27,3.25,3.24,3.22,3.21,3.2,3.19,3.17,3.16,3.14,3.12,3.09,3.08,3.06,3.04,3.03,3.01,2.99,2.97,2.96,2.94,2.93,2.91,2.9,2.88,2.87,2.86,2.86,2.86,2.86,2.87,2.88,2.89,2.91,2.93,2.95,2.98,3.01,3.04,3.08,3.12,3.17,3.22,3.27,3.33,3.38,3.43,3.47,3.5,3.54,3.58,3.62,3.66,3.71,3.76,3.82,3.87,3.94,4.01,4.08,4.17,4.26,4.33,4.4,4.46,4.49,4.49,4.45
1.89,1.88,1.88,1.87,1.86,1.86,1.85,1.83,1.82,1.81,1.8,1.78,1.76,1.75,1.73,1.7,1.66,1.63,1.59,1.55,1.51,1.46,1.41,1.35,1.3,1.24,1.18,1.12,1.07,1.01,0.96,0.91,0.87,0.83,0.8,0.78,0.76,0.75,0.75,0.76,0.77,0.79,0.82,0.84,0.87,0.89,0.92,0.95,0.98,1.02,1.06,1.11,1.16,1.22,1.29,1.37,1.45,1.55,1.65,1.76,1.88,1.99,2.12,2.24,2.36,2.48,2.6,2.73,2.84,2.96,3.08,3.19,3.31,3.43,3.57,3.72,3.89,4.06,4.26
1.23,1.25,1.27,1.28,1.27,1.25,1.25,1.25,1.24,1.21,1.17,1.12,1.06,1.0,0.93,0.86,0.79,0.71,0.64,0.57,0.49,0.4,0.29,0.24,0.18,0.1,0.02,-0.06,-0.13,-0.2,-0.26,-0.3,-0.33,-0.35,-0.36,-0.37,-0.36,-0.36,-0.35,-0.35,-0.34,-0.34,-0.34,-0.35,-0.35,-0.34,-0.33,-0.3,-0.27,-0.22,-0.17,-0.11,-0.05,0.0,0.06,0.11,0.17,0.22,0.29,0.35,0.43,0.51,0.61,0.71,0.82,0.93,1.06,1.19,1.33,1.47,1.61,1.74,1.88,2.02,2.15,2.29,2.42,2.55,2.68
0.11,0.16,0.18,0.19,0.18,0.18,0.2,0.24,0.28,0.32,0.33,0.33,0.29,0.24,0.18,0.11,0.04,-0.04,-0.12,-0.2,-0.27,-0.34,-0.41,-0.47,-0.53,-0.58,-0.64,-0.71,-0.73,-0.75,-0.77,-0.77,-0.77,-0.78,-0.78,-0.79,-0.81,-0.82,-0.84,-0.86,-0.87,-0.88,-0.87,-0.86,-0.83,-0.8,-0.77,-0.73,-0.69,-0.63,-0.56,-0.47,-0.36,-0.24,-0.13,-0.02,0.07,0.13,0.18,0.23,0.27,0.31,0.36,0.41,0.47,0.53,0.59,0.66,0.74,0.84,0.94,1.07,1.21,1.34,1.48,1.6,1.72,1.82,1.93
-1.25,-1.26,-1.27,-1.29,-1.3,-1.31,-1.3,-1.27,-1.22,-1.15,-1.07,-0.97,-0.86,-0.75,-0.68,-0.62,-0.57,-0.55,-0.53,-0.52,-0.51,-0.5,-0.49,-0.47,-0.44,-0.41,-0.38,-0.36,-0.32,-0.29,-0.27,-0.26,-0.25,-0.23,-0.19,-0.16,-0.11,-0.06,0.0,0.08,0.16,0.25,0.34,0.44,0.57,0.7,0.85,1.0,1.14,1.28,1.43,1.58,1.74,1.93,2.08,2.22,2.36,2.48,2.61,2.72,2.81,2.89,2.94,3.0,3.06,3.14,3.23,3.32,3.35,3.32,3.25,3.13,2.98,2.82,2.67,2.54,2.44,2.38,2.34
-1.69,-1.74,-1.79,-1.85,-1.92,-1.98,-2.01,-2.03,-2.04,-2.05,-2.05,-2.03,-2.02,-1.95,-1.9,-1.86,-1.79,-1.73,-1.68,-1.63,-1.58,-1.54,-1.5,-1.47,-1.44,-1.42,-1.37,-1.33,-1.31,-1.3,-1.32,-1.33,-1.36,-1.38,-1.41,-1.42,-1.46,-1.49,-1.52,-1.54,-1.51,-1.47,-1.4,-1.31,-1.19,-1.01,-0.78,-0.51,-0.24,0.04,0.31,0.56,0.8,1.05,1.3,1.53,1.75,1.94,2.15,2.38,2.6,2.82,3.03,3.21,3.35,3.48,3.61,3.74,3.88,4.01,4.13,4.23,4.34,4.44,4.54,4.64,4.71,4.74,4.73
-2.22,-2.31,-2.41,-2.53,-2.65,-2.74,-2.82,-2.86,-2.88,-2.88,-2.89,-2.92,-2.94,-2.96,-2.97,-2.94,-2.91,-2.88,-2.75,-2.57,-2.4,-2.3,-2.35,-2.41,-2.49,-2.52,-2.49,-2.44,-2.42,-2.43,-2.44,-2.46,-2.46,-2.46,-2.45,-2.44,-2.4,-2.3,-2.2,-2.11,-2.04,-1.99,-1.92,-1.84,-1.77,-1.69,-1.57,-1.4,-1.16,-0.88,-0.57,-0.26,0.07,0.4,0.74,1.06,1.37,1.65,1.9,2.11,2.29,2.49,2.72,2.92,3.13,3.32,3.49,3.65,3.83,3.98,4.11,4.22,4.3,4.37,4.42,4.45,4.48,4.5,4.63
-2.64,-2.74,-2.88,-3.04,-3.18,-3.27,-3.27,-3.17,-3.19,-3.21,-3.23,-3.31,-3.29,-3.17,-3.14,-3.12,-3.11,-3.07,-2.98,-2.88,-2.73,-2.52,-2.28,-2.13,-2.02,-1.95,-1.92,-1.94,-1.99,-2.04,-2.06,-2.06,-2.04,-2.05,-2.08,-2.12,-2.19,-2.24,-2.27,-2.26,-2.21,-2.09,-1.9,-1.71,-1.51,-1.3,-1.08,-0.87,-0.66,-0.47,-0.3,-0.13,0.06,0.25,0.47,0.7,0.94,1.2,1.45,1.68,1.93,2.17,2.43,2.69,2.95,3.16,3.35,3.52,3.68,3.83,3.96,4.06,4.15,4.25,4.38,4.51,4.6,4.64,4.62
-3.71,-3.68,-3.6,-3.48,-3.27,-3.22,-3.29,-3.22,-3.14,-3.03,-2.97,-3.06,-3.15,-3.19,-3.21,-3.25,-3.26,-3.26,-3.23,-3.2,-3.17,-3.16,-3.13,-3.05,-2.95,-2.84,-2.73,-2.59,-2.42,-2.3,-2.22,-2.21,-2.21,-2.18,-2.13,-2.03,-1.87,-1.67,-1.42,-1.17,-0.96,-0.8,-0.65,-0.56,-0.5,-0.46,-0.44,-0.42,-0.4,-0.35,-0.27,-0.14,0.03,0.18,0.4,0.66,0.95,1.32,1.66,1.97,2.21,2.41,2.56,2.72,2.94,3.2,3.48,3.7,3.86,3.96,4.02,4.04,4.04,4.06,4.1,4.2,4.33,4.46,4.65
-3.65,-3.61,-3.52,-3.38,-3.4,-3.47,-3.43,-3.3,-3.23,-3.2,-3.2,-3.24,-3.27,-3.29,-3.3,-3.33,-3.37,-3.42,-3.46,-3.49,-3.51,-3.52,-3.51,-3.52,-3.45,-3.39,-3.33,-3.26,-3.14,-2.97,-2.74,-2.44,-2.06,-1.59,-1.06,-0.54,-0.11,0.26,0.61,0.97,1.3,1.57,1.74,1.87,1.91,1.92,1.91,1.9,1.83,1.68,1.5,1.36,1.28,1.19,1.17,1.16,1.22,1.36,1.55,1.79,2.06,2.31,2.51,2.6,2.6,2.6,2.66,2.83,3.11,3.42,3.72,3.97,4.12,4.21,4.24,4.3,4.38,4.44,4.53
-1.93,-1.81,-1.83,-1.93,-2.06,-2.18,-2.34,-2.52,-2.64,-2.66,-2.61,-2.53,-2.52,-2.57,-2.69,-2.83,-3.0,-3.14,-3.25,-3.33,-3.4,-3.47,-3.53,-3.56,-3.6,-3.62,-3.6,-3.49,-3.27,-2.9,-2.37,-1.74,-1.07,-0.42,0.17,0.68,1.13,1.56,1.96,2.27,2.47,2.61,2.71,2.78,2.83,2.82,2.78,2.71,2.68,2.64,2.55,2.42,2.24,2.02,1.87,1.87,1.84,1.84,1.89,1.96,2.08,2.23,2.42,2.59,2.73,2.81,2.82,2.89,3.04,3.24,3.45,3.64,3.78,3.88,3.9,3.84,3.68,3.45,3.61
-1.69,-1.77,-1.94,-2.11,-2.25,-2.29,-2.32,-2.38,-2.4,-2.41,-2.38,-2.39,-2.45,-2.52,-2.6,-2.64,-2.68,-2.71,-2.74,-2.79,-2.85,-2.93,-3.05,-3.25,-3.51,-3.64,-3.54,-3.12,-2.57,-1.96,-1.31,-0.67,-0.09,0.39,0.79,1.14,1.52,1.9,2.26,2.57,2.83,3.02,3.16,3.25,3.28,3.28,3.27,3.21,3.09,2.96,2.93,2.96,2.81,2.41,2.02,1.77,1.64,1.55,1.51,1.55,1.64,1.78,1.93,2.11,2.28,2.47,2.63,2.77,2.9,3.0,3.06,3.07,3.06,3.02,2.91,2.85,2.9,2.9,2.5
-1.77,-1.76,-1.8,-1.81,-1.84,-1.9,-1.96,-1.97,-1.96,-1.97,-2.0,-2.03,-2.07,-2.07,-1.96,-1.79,-1.72,-1.76,-1.84,-1.98,-2.1,-2.12,-2.07,-2.19,-2.41,-2.53,-2.6,-2.72,-2.58,-2.14,-1.64,-1.18,-0.66,-0.01,0.57,0.94,1.04,1.17,1.52,1.9,2.28,2.62,2.93,3.15,3.33,3.42,3.54,3.51,3.33,3.13,2.95,2.76,2.47,1.98,1.47,1.09,0.82,0.62,0.43,0.29,0.25,0.3,0.35,0.46,0.65,0.89,1.15,1.37,1.52,1.65,1.68,1.62,1.57,1.59,1.46,1.23,1.33,1.52,1.11
-1.77,-1.42,-1.1,-0.85,-0.91,-1.12,-1.28,-1.36,-1.38,-1.37,-1.35,-1.38,-1.5,-1.66,-1.66,-1.53,-1.46,-1.37,-1.06,-0.56,-0.17,0.09,0.48,0.66,0.37,0.0,-0.22,-0.44,-1.0,-1.52,-1.64,-1.19,-0.56,0.31,1.21,1.36,1.38,1.53,1.76,2.08,2.49,2.92,3.14,3.02,2.79,3.29,3.36,2.2,0.88,0.73,0.86,0.94,0.71,0.09,-0.4,-0.73,-1.16,-1.6,-1.82,-1.9,-1.94,-1.96,-1.93,-1.97,-2.07,-2.08,-1.99,-1.85,-1.64,-1.56,-1.14,-0.9,-0.7,-0.36,-0.04,0.38,1.13,2.08,2.22
-0.42,-1.28,-1.67,-1.11,-0.9,-1.09,-0.9,-0.56,-0.23,0.16,0.02,-0.3,0.2,0.22,-0.81,-1.13,-0.52,-0.17,-0.29,0.11,1.32,2.45,2.51,2.15,2.09,1.95,1.59,1.04,0.38,-0.15,-0.14,0.23,0.72,1.2,1.58,2.31,3.29,3.78,3.74,4.39,5.06,4.19,2.43,0.89,0.33,0.54,0.27,-1.02,-1.82,-0.88,0.1,-0.31,-1.23,-2.0,-2.31,-2.3,-2.61,-3.24,-3.68,-3.81,-3.69,-3.66,-3.65,-3.53,-3.22,-3.15,-3.51,-4.23,-3.92,-3.59,-3.2,-2.92,-2.01,-1.37,-1.93,-2.05,-0.47,1.09,1.41
0.17,-0.34,-0.05,0.52,0.47,0.2,0.16,0.08,-0.69,-0.98,-1.14,-1.69,-0.36,1.99,2.48,2.83,3.03,3.26,3.27,2.56,0.69,0.15,0.49,0.39,0.88,1.4,0.82,-0.08,0.12,1.0,1.44,1.15,1.0,1.2,1.55,2.6,3.98,4.5,4.1,3.61,2.55,0.84,-0.75,-1.74,-2.08,-2.07,-2.35,-3.06,-3.32,-2.42,-1.2,-1.18,-1.88,-1.91,-1.07,-0.1,0.52,0.38,-0.12,-0.58,-1.0,-1.83,-2.56,-3.14,-3.39,-2.2,-1.51,-2.03,-2.54,-2.59,-2.18,-2.04,-1.64,-1.38,-1.87,-2.57,-2.2,-1.06,-0.09
-0.01,0.38,1.32,2.44,2.89,2.61,2.63,3.8,3.28,2.33,0.6,-0.24,0.61,1.57,1.39,0.74,1.37,2.51,2.57,2.35,2.35,2.19,2.01,2.94,4.39,4.23,1.79,0.28,0.36,1.16,0.74,0.19,0.62,1.08,1.46,1.39,1.86,3.03,3.81,3.54,2.61,1.86,1.05,0.04,-0.43,-0.42,-0.64,-1.19,-1.68,-1.73,-1.35,-1.01,-0.74,-0.37,-0.3,-0.45,-0.62,-1.27,-2.12,-2.94,-3.01,-2.55,-2.47,-2.32,-1.86,-1.77,-1.47,-0.95,-1.11,-1.43,-1.54,-1.47,-1.14,-0.98,-1.62,-2.35,-1.99,-1.38,-0.48
-0.28,0.24,0.53,0.32,0.8,2.06,3.27,3.73,3.49,2.4,-0.01,-0.89,0.12,1.64,2.04,1.08,0.34,0.46,0.48,1.04,2.2,3.41,4.22,4.14,4.28,4.23,4.16,4.3,4.17,4.54,2.32,-1.01,-1.47,0.44,1.63,2.01,1.31,0.41,1.45,4.06,5.02,4.5,3.15,1.68,1.43,2.08,2.61,1.95,1.35,1.03,0.78,0.29,-0.13,0.31,0.64,-0.05,-0.71,-0.8,-0.44,-0.13,-0.45,-1.31,-1.99,-2.83,-2.86,-2.89,-2.16,-1.26,0.18,-0.64,-2.31,-2.19,-1.28,-1.17,-1.26,-0.82,-0.49,-0.53,-0.57
-0.26,0.33,0.44,0.32,0.21,0.38,0.65,0.11,-0.79,-0.98,-1.19,-1.92,-2.34,-1.22,-0.97,-1.19,-1.63,-1.64,-1.4,-1.54,-1.88,-2.33,-1.8,-0.25,1.1,2.12,3.42,4.04,3.0,0.7,0.56,1.8,1.12,1.79,3.11,2.64,1.2,-0.09,-1.96,-2.59,-0.8,1.82,3.26,2.98,2.71,3.18,3.5,3.87,2.97,2.57,2.52,2.35,1.72,0.87,0.94,1.54,1.75,1.6,1.95,2.43,2.43,1.86,0.39,-1.46,-2.8,-4.18,-3.92,-3.47,-3.38,-3.02,-2.89,-2.33,-1.74,-1.66,-1.32,0.27,2.1,3.79,2.34
-0.77,0.33,1.24,1.67,1.28,0.36,0.51,0.48,-0.69,-1.4,-1.8,-2.24,-1.0,-1.91,-4.09,-4.38,-3.98,-3.8,-3.45,-2.8,-2.38,-2.21,-1.22,-0.81,-1.0,-1.58,-1.42,0.3,1.42,0.28,-0.89,-0.1,0.2,-0.26,-0.01,1.76,2.14,1.69,1.29,0.52,0.17,0.72,0.81,0.55,1.06,2.08,2.48,2.36,2.05,2.0,1.8,2.14,2.43,2.27,2.67,3.23,3.3,2.3,0.89,0.68,0.8,0.56,-0.74,-2.34,-3.02,-3.08,-2.55,-1.1,-0.96,-2.1,-2.52,-2.04,-1.56,-1.08,-0.26,0.84,1.0,1.31,1.98
0.65,0.06,-0.57,0.36,1.29,0.57,-0.99,-2.08,-2.43,-2.46,-3.7,-3.13,-1.12,-0.57,-1.83,-2.34,-2.59,-3.28,-4.23,-4.94,-5.76,-5.33,-3.69,-3.17,-2.85,-2.67,-2.91,-3.42,-3.08,-1.56,-1.05,-2.42,-3.42,-2.89,-2.26,-1.69,-0.33,1.08,2.38,3.03,3.03,2.97,2.89,1.74,0.31,0.61,1.37,1.43,1.43,1.16,1.22,1.16,0.45,0.28,0.49,0.98,2.05,2.87,2.77,0.86,-0.96,-0.66,0.09,-0.86,-2.3,-2.22,-2.48,-2.33,-1.78,-1.88,-2.42,-2.88,-2.75,-2.62,-3.24,-2.33,-0.66,0.09,0.81
0.63,0.76,-1.33,-0.68,0.95,-0.09,-1.65,-2.66,-3.77,-3.8,-4.33,-4.34,-3.14,-3.13,-3.03,-2.83,-2.11,-1.57,-1.45,-1.12,-2.37,-3.31,-3.83,-3.84,-3.92,-3.88,-4.27,-4.55,-4.16,-3.75,-3.28,-2.33,-2.01,-1.94,-1.54,-1.58,-1.55,-1.05,-1.55,-0.96,0.35,0.32,0.18,0.13,0.14,0.03,-0.25,-0.98,-2.19,-3.09,-1.45,-0.42,-0.23,0.4,-0.17,-0.71,-0.52,-1.55,-2.71,-1.53,0.69,2.03,2.37,1.13,-0.94,-1.7,-1.07,-0.51,0.32,1.15,0.77,0.53,1.4,1.58,-0.15,-2.53,-2.55,-0.71,1.26
-0.03,0.3,1.48,2.14,0.75,-1.26,-0.06,-0.69,-1.45,-0.07,0.78,0.97,0.35,-1.25,-1.56,-1.3,-0.66,-1.32,-3.57,-3.94,-3.97,-3.41,-2.81,-4.16,-4.85,-4.04,-3.79,-4.23,-4.3,-3.86,-3.69,-3.96,-3.75,-2.83,-2.02,-1.13,0.03,0.23,0.61,0.9,-0.09,-1.01,-0.4,-1.45,-1.5,-1.38,-1.38,-0.95,-1.46,-1.31,-0.96,-0.33,1.56,2.02,0.13,-1.73,-0.8,0.31,-0.24,-1.23,-0.63,0.59,1.16,1.39,1.31,0.74,0.87,1.23,1.36,0.99,0.55,0.32,-0.3,0.0,1.08,0.77,-3.44,-4.58,-2.37
2.04,2.66,2.91,2.51,5.13,5.98,2.65,1.44,0.67,0.17,-0.41,0.74,1.11,-0.56,-2.11,-2.45,-1.87,-0.66,1.79,3.39,2.05,-0.21,-1.59,-2.62,-4.04,-4.09,-2.95,-2.2,-2.84,-3.86,-3.76,-3.93,-4.21,-3.82,-3.69,-3.26,0.28,1.89,1.0,0.73,-0.93,-2.19,-2.12,-2.68,-0.65,1.26,0.69,1.88,2.2,-0.41,-0.2,1.89,2.66,1.2,-0.26,0.92,2.02,1.75,1.98,1.52,2.18,1.52,-1.27,-1.29,-0.52,0.39,0.95,0.39,0.53,0.47,0.89,1.27,0.58,0.6,1.24,2.04,1.25,-2.97,-2.71
2.82,3.33,3.97,3.88,1.49,0.94,0.27,-1.14,-3.28,-3.98,-3.36,-1.89,-3.16,-3.98,-1.9,0.56,1.9,1.74,0.71,-0.24,-1.11,-2.12,-3.18,-3.56,-3.64,-4.17,-4.4,-3.86,-3.54,-3.58,-3.48,-3.61,-3.85,-3.82,-2.74,-2.31,-2.24,0.52,2.31,2.39,3.19,2.28,1.32,0.03,0.46,2.83,3.57,2.93,2.7,0.43,1.8,1.98,1.77,2.0,2.96,3.33,3.72,3.74,2.95,2.12,1.95,1.91,1.77,1.81,2.16,1.28,0.76,1.96,1.77,0.92,0.46,1.97,2.64,1.1,0.61,0.99,0.97,-1.41,-2.49
3.89,3.63,2.24,1.83,0.14,-1.0,-0.24,-0.88,-1.17,-0.92,-1.39,-1.76,-0.96,-0.12,-0.17,-0.9,-1.61,-2.0,-2.82,-3.46,-4.14,-4.71,-5.1,-5.23,-5.24,-5.63,-6.27,-6.65,-6.07,-5.55,-4.97,-4.44,-4.12,-3.8,-3.79,-3.51,-3.18,-2.53,-1.34,-0.08,2.47,2.16,2.3,2.53,3.27,4.18,4.41,3.74,3.03,4.01,4.28,4.24,5.27,5.09,4.12,3.7,4.02,4.6,4.8,3.44,2.21,2.48,3.21,3.36,1.68,0.27,-0.77,-0.35,1.51,2.39,2.39,2.38,2.82,2.22,0.71,-0.49,-0.33,-1.22,-1.84
4.03,2.42,2.05,1.48,0.51,0.45,1.61,2.58,2.46,2.23,2.32,2.38,2.0,1.16,-0.49,-2.3,-3.27,-3.69,-4.43,-4.87,-5.43,-6.01,-6.33,-6.58,-6.92,-6.88,-6.84,-7.01,-6.8,-6.39,-5.61,-5.29,-5.12,-5.08,-4.76,-4.06,-4.2,-4.12,-3.43,-2.95,-1.82,0.08,1.56,2.26,3.34,3.82,3.09,3.32,4.61,3.23,0.62,2.51,3.51,3.65,3.93,4.05,3.91,3.64,4.26,4.86,3.6,2.12,1.09,0.02,0.44,0.74,-0.99,-1.6,-0.26,1.28,1.91,2.55,3.09,1.87,0.58,-0.41,-0.29,0.47,-0.02
1.82,1.4,2.34,2.96,2.39,1.66,2.45,3.82,3.55,3.51,3.35,2.39,0.92,-0.75,-2.46,-3.51,-4.26,-4.64,-5.09,-5.53,-6.07,-6.28,-6.38,-6.94,-7.44,-7.62,-7.55,-7.19,-6.6,-5.74,-5.82,-5.99,-4.93,-4.99,-5.36,-4.72,-4.26,-4.47,-3.82,-3.16,-3.25,-3.02,-2.37,-1.46,-0.35,1.71,4.85,5.83,4.95,6.02,5.64,4.6,4.39,4.57,4.44,4.52,4.39,3.67,3.22,3.21,3.09,2.16,1.01,0.09,-0.66,-0.63,0.87,-0.77,-0.3,0.22,0.57,1.66,1.88,1.23,0.31,0.13,0.61,-0.71,0.86
0.9,-0.33,0.5,1.16,0.24,2.99,5.13,5.58,4.12,2.67,1.33,-0.01,-1.3,-2.58,-3.53,-4.28,-5.04,-5.39,-5.66,-5.96,-5.97,-6.52,-7.63,-8.34,-9.26,-9.84,-9.86,-9.87,-9.73,-9.16,-8.45,-7.73,-6.8,-5.89,-5.39,-5.07,-3.75,-3.18,-3.86,-1.23,-2.35,-2.25,-0.66,1.27,2.88,4.06,4.16,5.49,6.9,8.0,8.32,8.08,7.81,7.12,6.05,4.59,3.53,2.79,2.15,2.08,1.93,1.4,0.5,-1.03,-1.72,-2.01,-2.97,-1.91,2.12,0.71,-0.16,0.91,1.51,1.47,0.84,-0.57,0.33,0.04,-0.88
