Cesium1.43/MyDemos/sampledata/wind/2017121300.json
{"header": { "discipline":0, "disciplineName":"Meteorological products", "gribEdition":2, "gribLength":73286, "center":7, "centerName":"US National Weather Service - NCEP(WMC)", "subcenter":2, "refTime":"2018-06-25T00:00:00.000Z", "significanceOfRT":1, "significanceOfRTName":"Start of forecast", "productStatus":0, "productStatusName":"Operational products", "productType":3, "productTypeName":"Control Forecast products", "productDefinitionTemplate":1, "productDefinitionTemplateName":"Individual ensemble forecast at a point in time", "parameterCategory":2, "parameterCategoryName":"Momentum", "parameterNumber":2, "parameterNumberName":"U-component_of_wind", "parameterUnit":"m.s-1", "genProcessType":4, "genProcessTypeName":"Ensemble Forecast", "forecastTime":0, "surface1Type":103, "surface1TypeName":"Specified height level above ground", "surface1Value":10.0, "surface2Type":255, "surface2TypeName":"Missing", "surface2Value":0.0, "gridDefinitionTemplate":0, "gridDefinitionTemplateName":"Latitude_Longitude", "numberPoints":65160, "shape":6, "shapeName":"Earth spherical with radius of 6,371,229.0 m", "gridUnits":"degrees", "resolution":48, "winds":"true", "scanMode":0, "nx":360, "ny":181, "basicAngle":0, "subDivisions":0, "lo1":0.0, "la1":90.0, "lo2":359.0, "la2":-90.0, "dx":1.0, "dy":1.0 }, "data":
[rows 70 to 104 of 181, columns 79 to 157 of 360]
4.13,1.67,2.21,3.07,1.62,1.9,0.75,3.89,6.24,5.77,5.34,7.52,7.23,6.64,2.95,0.27,-1.82,-2.01,0.58,-0.04,-0.37,-0.14,0.4,0.41,0.09,0.59,1.35,1.69,0.17,0.39,-0.91,-1.05,0.39,0.75,1.68,1.53,-0.16,-1.79,-1.99,-1.95,-2.23,-3.5,-4.38,-3.73,-3.62,-3.16,-4.68,-4.91,-5.03,-6.39,-6.54,-6.36,-6.66,-5.84,-5.3,-5.73,-5.47,-4.31,-5.54,-4.93,-4.28,-4.62,-5.14,-6.48,-6.59,-6.98,-7.79,-8.28,-8.4,-9.13,-9.28,-9.78,-9.42,-9.15,-8.79,-8.33,-7.91,-7.59,-7.34
4.5,1.47,0.9,1.57,2.04,1.01,5.07,5.32,5.44,6.73,6.35,7.41,7.48,6.03,6.02,1.56,-1.21,-1.98,-0.07,-0.27,-0.75,-0.64,0.3,-0.15,0.16,0.13,2.52,2.11,2.78,-1.24,-1.15,0.24,0.62,-0.64,1.63,1.0,0.19,-1.44,-1.81,-1.82,-1.8,-3.68,-5.44,-4.3,-4.11,-3.53,-4.64,-5.11,-4.89,-6.08,-6.54,-6.16,-6.02,-5.21,-5.45,-6.5,-5.86,-5.24,-5.2,-4.88,-4.88,-4.11,-4.62,-3.89,-7.3,-7.44,-7.12,-7.11,-8.21,-9.01,-9.59,-9.77,-9.44,-9.33,-9.08,-8.95,-8.57,-7.91,-7.58
5.73,2.32,0.29,1.05,2.75,7.39,7.26,5.52,5.79,6.3,6.86,7.18,6.44,6.11,5.9,4.8,1.2,-1.56,-0.82,0.25,-0.25,-1.12,1.05,0.4,0.43,0.59,0.81,2.16,4.26,1.18,-2.61,-0.82,-0.46,-0.73,1.04,1.07,0.06,-0.9,-1.26,-1.61,-0.94,-1.07,-0.93,-0.95,-2.88,-4.14,-4.76,-5.1,-4.76,-4.37,-4.99,-6.16,-5.64,-4.85,-5.73,-6.13,-5.88,-6.18,-5.61,-4.94,-4.86,-4.56,-4.34,-4.82,-5.88,-7.15,-6.47,-7.27,-8.38,-9.63,-9.6,-9.53,-9.1,-8.91,-9.15,-9.34,-9.01,-8.71,-7.91
6.4,2.47,1.48,1.8,7.61,8.0,7.63,6.36,6.2,6.69,6.68,6.22,5.9,5.78,5.59,5.89,1.65,0.05,1.15,-0.16,1.32,-0.12,1.02,1.3,1.87,3.6,1.37,1.37,3.02,2.13,-1.11,-1.89,-1.38,-1.14,-0.16,0.2,-0.44,-0.04,-0.69,-1.15,-0.28,-0.06,-0.58,0.0,-1.87,-3.23,-5.39,-5.48,-5.03,-3.74,-4.76,-5.99,-5.39,-5.35,-5.83,-5.83,-6.18,-6.27,-6.2,-5.87,-5.15,-4.64,-4.53,-4.67,-4.38,-3.9,-6.09,-6.82,-7.58,-7.71,-8.61,-8.66,-8.33,-9.05,-9.07,-9.56,-8.83,-8.82,-8.59
5.41,2.92,4.89,8.53,7.61,8.15,7.67,7.01,5.94,6.14,6.21,6.17,6.01,5.9,6.12,5.67,4.09,3.91,3.32,-0.02,1.26,-0.3,-0.18,3.41,4.96,3.19,1.78,0.31,0.54,1.87,0.79,-0.8,-0.75,-0.54,-0.5,-0.09,-0.02,-0.19,-0.22,-0.77,-0.28,-0.35,-0.48,-1.43,-3.05,-4.04,-2.79,-6.2,-5.14,-3.8,-5.5,-5.04,-5.74,-5.41,-5.8,-6.09,-6.43,-6.43,-6.47,-6.6,-5.58,-5.02,-4.56,-4.48,-5.66,-5.86,-5.39,-5.34,-6.26,-5.95,-7.2,-7.29,-7.75,-8.42,-8.77,-9.04,-8.84,-9.08,-8.64
5.14,3.88,4.57,7.53,8.0,8.71,8.32,7.77,5.98,5.93,6.55,6.51,6.78,6.81,6.25,6.1,6.21,4.51,3.19,-0.19,1.53,1.99,0.43,2.84,2.29,3.37,0.84,-0.58,-0.22,1.42,0.75,-0.45,-0.12,-0.15,-0.74,-0.88,0.11,-0.18,-0.29,-0.38,0.33,-0.09,-0.04,0.72,-0.05,-3.51,-3.0,-1.18,-4.53,-3.2,-3.0,-4.45,-5.4,-5.15,-6.02,-6.78,-6.39,-6.95,-6.63,-6.58,-6.05,-4.87,-4.98,-4.49,-4.4,-4.75,-4.98,-5.13,-5.38,-5.98,-6.85,-7.37,-7.14,-7.57,-8.18,-8.18,-8.68,-9.15,-8.87
3.63,1.76,3.6,7.0,8.3,8.34,7.87,7.47,6.13,6.25,6.46,6.6,6.73,6.6,6.19,6.15,5.87,5.55,4.24,0.14,1.65,2.49,1.38,1.69,3.35,1.87,0.44,-0.89,-0.51,0.98,1.28,0.67,0.5,0.03,-1.03,-0.87,-0.13,-0.37,-0.36,-0.52,0.02,0.25,-0.33,0.54,0.6,0.66,-2.09,-3.61,-2.34,-2.07,-2.79,-1.75,-2.9,-4.19,-4.93,-5.34,-5.79,-7.02,-6.99,-6.67,-5.75,-6.05,-5.14,-4.75,-4.52,-4.72,-5.13,-4.68,-4.92,-5.72,-6.69,-6.84,-7.37,-7.73,-7.74,-7.33,-8.57,-8.35,-8.59
5.18,2.43,4.14,7.28,8.2,7.65,6.7,6.01,5.9,6.44,6.59,6.55,6.76,6.8,5.94,6.31,6.53,5.78,5.34,2.65,0.64,-0.67,1.51,0.63,2.39,3.07,-0.02,0.04,0.24,-0.03,1.61,1.47,0.95,0.31,-0.95,-0.94,-0.56,-0.84,-0.78,-1.31,-0.83,0.31,-0.14,1.04,-0.98,-0.39,-0.7,-1.84,-1.25,-0.37,-0.93,-1.36,-1.12,-3.03,-3.79,-4.94,-6.04,-6.53,-6.95,-6.69,-5.67,-5.52,-5.6,-5.06,-4.83,-4.39,-4.34,-4.8,-4.96,-5.46,-6.29,-6.11,-7.09,-7.88,-7.29,-6.66,-6.76,-7.53,-8.02
3.91,3.32,5.69,7.37,7.6,7.56,6.68,6.05,5.9,6.5,6.61,6.89,7.01,6.56,5.66,6.1,6.46,5.92,6.1,4.65,-0.62,4.63,6.48,6.18,2.32,1.76,2.05,0.65,-1.03,0.53,1.19,3.5,1.94,0.79,-0.62,-1.29,-0.67,-1.06,-1.14,-1.67,-1.34,0.18,0.52,-0.03,0.24,-2.53,-0.51,-0.11,0.95,0.6,1.4,0.18,-0.56,-1.14,-2.59,-4.38,-5.27,-6.06,-7.0,-6.3,-5.51,-5.73,-5.42,-5.39,-5.28,-4.94,-4.07,-4.66,-4.34,-5.12,-5.51,-5.63,-6.61,-7.55,-7.41,-5.98,-5.49,-5.69,-6.35
6.6,5.82,8.28,8.61,7.96,7.73,6.3,5.65,5.96,6.47,6.72,6.9,7.16,6.3,5.67,5.89,6.45,6.53,6.34,5.36,0.58,6.84,7.8,7.66,4.81,2.06,2.22,3.36,0.96,2.59,6.34,5.05,2.5,1.18,-0.2,-1.04,-0.55,-0.41,-0.72,-1.32,-1.46,0.94,1.82,0.75,1.12,1.72,-0.17,-0.86,0.42,0.48,0.85,0.79,0.63,-0.35,-1.74,-3.28,-4.98,-5.43,-6.0,-5.84,-5.53,-5.4,-5.22,-5.46,-5.62,-5.16,-4.46,-4.3,-4.03,-4.58,-3.92,-4.86,-5.98,-6.01,-4.64,-3.7,-2.91,-3.71,-4.73
3.51,5.48,9.8,9.43,8.25,7.31,5.3,5.46,6.1,6.38,6.55,6.83,7.12,6.43,6.04,6.13,6.81,6.84,6.26,4.79,0.73,5.18,6.77,6.81,6.76,7.32,4.6,2.45,5.58,6.17,5.9,4.73,2.88,1.31,0.39,-0.53,-0.52,0.53,0.73,-1.28,0.18,1.28,2.04,3.02,0.7,0.94,-0.28,-0.68,-0.08,-0.48,0.33,0.69,0.54,-0.29,-0.64,-2.48,-4.43,-5.45,-5.52,-5.1,-5.0,-4.85,-4.71,-5.25,-5.08,-4.73,-4.43,-4.57,-3.46,-2.75,-2.87,-2.03,-2.69,-2.45,-2.53,-2.52,-2.2,-2.29,-2.14
7.33,4.93,7.09,10.39,8.81,5.6,5.64,5.99,6.21,6.51,6.36,6.49,6.39,6.2,6.21,6.43,7.11,7.3,6.76,4.28,0.26,2.2,3.66,4.76,5.56,6.17,4.01,5.35,5.13,5.77,5.6,4.17,3.06,1.65,0.3,-0.78,-0.24,-1.05,-1.56,-0.67,-0.12,0.61,1.53,2.4,1.16,1.32,0.49,0.36,0.49,-0.84,-0.61,-0.3,0.22,0.0,0.6,-0.65,-4.08,-5.08,-5.15,-5.36,-4.15,-3.97,-3.74,-4.63,-4.09,-3.64,-3.82,-4.15,-2.94,-1.96,-0.75,0.18,0.36,0.33,-0.95,-1.72,-1.64,-1.33,-1.36
11.06,3.42,5.03,5.14,3.28,6.46,6.71,6.45,6.3,6.28,6.02,5.9,5.8,5.84,6.16,6.57,7.9,8.48,8.45,6.92,1.85,1.77,4.74,4.48,5.09,4.51,4.95,4.65,5.25,5.64,4.75,4.01,2.89,2.11,0.68,-0.14,-0.09,-2.13,-2.83,-1.87,-1.08,-0.46,1.28,0.12,0.15,1.05,0.72,0.66,0.01,-1.54,-1.67,-1.24,-0.49,-0.1,1.12,0.68,-2.42,-4.35,-5.31,-4.99,-4.3,-3.91,-3.3,-3.03,-2.43,-1.75,-1.29,-0.3,0.36,-0.94,0.8,1.49,1.21,1.52,-1.1,-1.05,-0.83,-0.73,-0.28
9.72,0.17,2.91,4.88,8.6,7.9,6.94,6.33,5.86,5.38,5.09,5.18,5.35,5.2,5.23,5.94,8.75,10.24,10.87,8.72,5.61,0.54,2.35,4.03,5.61,5.65,3.88,3.41,5.27,5.33,4.83,4.62,3.39,1.66,0.73,0.37,1.03,0.14,-1.41,-0.44,-1.26,-2.59,-1.08,-0.58,-0.95,-1.16,0.33,0.67,1.0,-2.03,-2.33,-2.17,-1.91,-1.08,0.36,-0.42,-2.55,-3.58,-3.92,-4.36,-3.75,-3.26,-2.82,-2.28,-1.17,-0.63,-0.77,0.34,1.21,0.66,0.75,1.7,1.06,0.26,-0.57,-0.3,-0.5,-0.44,-0.35
8.82,7.17,6.3,10.07,8.9,7.66,6.64,5.76,5.06,4.54,4.61,4.53,4.95,4.51,4.82,6.6,8.43,8.33,3.32,2.86,2.43,-1.86,-0.2,0.81,1.89,1.36,1.37,2.56,4.89,5.36,5.22,4.14,3.35,2.53,1.34,0.83,1.37,0.22,-0.07,1.24,0.95,-3.36,-1.36,-2.83,-2.88,-3.04,-0.99,-0.24,-1.91,-1.8,-2.69,-2.29,-2.54,-2.03,-0.65,-0.08,-1.27,-3.15,-2.81,-3.19,-2.91,-2.7,-2.07,-1.43,-0.62,0.14,-0.52,0.21,0.85,0.95,1.27,0.99,0.84,0.29,0.12,-0.42,-0.9,-0.04,-0.13
8.22,7.64,8.03,8.39,7.82,6.84,5.81,5.51,3.99,4.08,4.07,3.87,3.96,3.68,5.51,7.15,2.53,1.15,1.3,2.44,1.23,-0.71,-0.6,0.68,0.73,-0.8,-0.08,2.18,4.22,5.05,5.12,4.11,3.97,2.6,1.02,-0.07,-0.41,-0.57,0.42,0.22,-0.04,-2.51,-3.76,-3.31,-3.33,-3.83,-3.5,-2.81,-2.67,-2.65,-2.39,-2.1,-2.42,-2.18,-1.26,-0.98,-1.89,-2.1,-2.59,-2.94,-2.6,-2.11,-1.75,-1.21,-0.93,-0.61,-0.18,-0.37,0.25,0.55,0.43,0.79,0.63,-0.02,0.94,-0.71,-0.96,-0.6,0.03
7.31,7.0,7.3,7.17,6.46,5.71,5.18,4.67,3.76,3.52,3.54,3.07,3.3,3.76,4.62,5.45,2.51,-0.5,0.35,1.05,2.55,1.16,-0.79,0.28,0.61,0.61,-0.26,2.92,4.79,4.96,5.35,4.72,4.31,1.5,-0.62,-0.81,-0.41,-0.05,0.86,2.23,-2.4,-3.01,-4.03,-3.99,-4.35,-4.27,-3.19,-3.41,-3.69,-3.58,-2.69,-2.67,-2.69,-2.28,-1.66,-1.29,-1.48,-2.16,-2.93,-2.93,-2.39,-1.99,-1.67,-0.79,-0.3,0.45,-0.61,-0.66,-0.58,-0.34,-0.2,-0.1,0.09,-0.04,0.6,-0.78,-0.58,-1.05,-0.22
5.78,6.19,6.45,5.72,5.69,5.07,4.91,3.47,3.86,3.91,3.21,2.55,1.88,1.34,1.88,-0.78,1.29,2.8,1.67,-0.69,0.99,2.29,-0.06,-0.25,0.03,-0.7,1.95,5.25,6.18,7.63,5.77,5.25,1.77,-0.55,-0.62,-0.44,-0.18,0.29,0.74,2.8,-3.18,-4.14,-4.38,-4.35,-4.99,-4.72,-3.62,-2.44,-2.33,-2.6,-3.47,-2.86,-2.48,-2.07,-1.52,-2.66,-1.92,-1.75,-2.32,-2.95,-2.5,-2.42,-1.89,-1.54,-0.94,-0.31,-0.19,-1.06,-1.16,-0.75,-0.64,-0.3,-0.23,-0.17,-0.57,-0.89,-0.6,-0.94,-0.37
5.15,5.05,5.11,5.39,5.0,4.62,4.4,2.81,2.71,2.59,2.44,1.93,1.91,0.88,0.49,-1.19,0.82,3.17,0.01,-0.63,0.57,0.3,0.41,-0.9,-0.12,0.87,3.39,4.04,5.19,5.48,3.95,3.32,0.59,-0.4,-0.29,-0.07,-0.32,0.34,0.57,1.83,-2.64,-3.78,-3.4,-2.53,-1.96,-1.6,-3.43,-1.9,-0.96,-2.01,-3.33,-3.4,-3.1,-1.7,-1.54,-2.1,-2.35,-1.95,-2.09,-2.26,-2.29,-2.33,-2.09,-2.06,-1.67,-1.18,-0.81,-0.68,-1.51,-1.32,-1.1,-0.74,-0.36,-0.59,-0.79,-0.96,-1.0,-0.38,-0.21
4.82,4.24,4.52,4.7,4.43,4.85,4.47,2.43,1.85,1.72,2.3,2.07,1.29,-0.33,-2.3,-3.08,-0.01,4.32,1.29,-0.58,-1.43,0.11,-0.24,-0.27,1.53,2.76,3.81,5.68,4.8,4.68,0.01,0.31,0.13,-0.25,-0.13,-0.01,0.1,0.09,0.64,0.87,-1.08,-1.46,-0.32,-0.5,-0.12,-1.23,1.11,-0.82,-1.92,-0.74,-2.68,-2.81,-2.93,-2.51,-3.49,-3.05,-2.69,-2.48,-2.08,-2.46,-2.24,-2.12,-2.23,-2.3,-1.94,-1.46,-1.74,-1.81,-1.57,-1.21,-1.01,-0.56,-0.51,-0.14,-0.45,-0.57,-0.89,-0.53,-0.24
4.06,3.94,3.94,4.07,3.99,4.11,3.69,2.71,2.15,2.14,2.51,1.35,0.83,-0.44,-1.71,-3.12,-1.2,2.61,1.0,-0.64,-1.76,-1.0,-0.21,0.44,0.11,1.61,4.04,4.4,3.42,3.44,0.78,-0.26,0.3,-0.3,0.17,0.25,0.21,0.65,0.79,4.29,0.05,-1.03,-3.71,-3.16,-2.99,-1.66,-1.95,-4.2,-3.55,-3.35,-4.31,-2.71,-0.86,-1.35,-3.55,-2.34,-2.05,-2.04,-2.2,-2.82,-2.77,-3.04,-3.29,-3.09,-2.86,-2.49,-2.73,-2.89,-2.93,-2.1,-1.45,-1.2,-0.97,-0.39,-0.16,-0.29,-0.62,-0.84,-0.26
2.4,2.85,3.09,3.29,3.18,3.07,3.05,1.66,1.61,1.98,1.77,0.61,0.31,-0.11,-0.72,-1.31,-0.16,2.43,-0.16,-2.16,-0.71,-2.2,0.54,-0.35,-0.28,0.56,3.29,2.44,3.28,4.29,2.07,-0.83,0.07,-0.03,0.16,0.4,0.42,0.31,1.78,4.18,-0.61,-0.36,1.74,-0.38,2.21,-1.48,-5.59,-5.0,-4.05,-4.7,-4.84,-3.64,-1.55,-0.61,-0.33,-1.69,-1.65,-1.18,-2.64,-3.48,-4.01,-4.66,-4.62,-4.82,-4.46,-4.31,-4.03,-4.03,-4.39,-2.9,-3.49,-3.48,-2.93,-1.91,-0.9,-1.06,-0.46,-0.39,-1.05
0.87,1.41,2.34,2.33,2.18,2.21,1.58,1.35,1.3,1.42,0.81,-0.02,0.07,0.01,-0.72,-0.94,0.66,1.92,0.71,-0.38,-1.76,-1.86,-0.93,0.45,-0.17,0.11,1.45,1.52,1.92,4.92,2.62,-2.49,-0.15,-0.24,-0.23,0.01,0.26,0.44,3.06,1.94,-2.74,-0.77,-0.21,3.24,-3.61,-4.08,-2.07,-7.09,-3.5,-1.17,-3.59,-5.75,-4.61,-3.94,-0.46,0.09,-0.58,-2.64,-2.27,-1.22,-2.2,-4.36,-6.55,-7.75,-7.09,-6.48,-6.45,-5.65,-3.28,-2.27,-3.28,-3.8,-3.76,-3.26,-2.11,-1.62,-1.75,-1.21,-1.75
-0.3,0.2,1.68,1.1,1.0,0.81,1.22,0.96,0.76,0.64,0.12,-0.33,-0.67,-0.75,-0.61,-1.04,-0.19,1.12,1.06,-0.68,-1.03,-1.85,-1.87,-0.84,0.06,0.02,0.39,2.85,-0.13,0.22,2.18,-1.54,-0.22,-0.46,-0.97,-0.87,-1.49,0.02,-6.88,-6.83,-1.11,-0.88,0.2,0.61,-7.61,-7.99,-6.15,-0.74,-3.74,-2.69,-0.43,-2.9,-5.79,-3.44,-1.6,-0.31,-0.25,-0.32,-0.8,-0.89,-0.87,-1.06,-1.09,-2.96,-5.48,-6.31,-7.82,-6.32,-5.26,-3.97,-2.56,-1.85,-3.17,-4.88,-5.34,-4.88,-3.98,-3.21,-2.72
-1.63,-1.11,-1.67,-0.97,0.06,-0.3,0.75,0.62,-0.67,-1.0,-1.53,-1.8,-1.49,-0.79,0.01,-1.41,-0.91,1.93,1.81,-1.09,-2.6,-2.74,-1.89,-3.43,-0.7,0.55,0.87,2.23,-1.94,-2.42,-5.59,-6.31,-6.27,-6.92,-6.91,-8.38,-4.93,-7.14,-7.19,-7.32,-9.61,-2.86,-3.25,0.18,-6.33,-8.76,-8.85,-9.21,-7.22,-7.73,-7.56,-7.67,-7.28,-6.85,-4.43,-5.07,0.21,-0.04,0.11,-0.76,-1.11,-0.9,-0.49,-0.68,-0.76,-0.8,-4.13,-7.12,-6.08,-3.67,-3.06,-1.9,-1.73,-1.83,-3.23,-6.16,-6.51,-5.25,-4.69
-2.68,-3.03,-3.09,-2.5,-2.0,-1.28,-1.34,-1.89,-2.7,-2.9,-2.44,-1.97,-1.95,-1.24,-0.78,-1.3,0.77,1.84,1.76,-1.46,-3.72,-4.96,-3.62,-2.98,-1.73,-0.22,1.09,3.52,3.52,2.65,-3.93,-7.25,-6.85,-6.77,-7.44,-6.9,-7.61,-7.62,-7.0,-8.64,-4.52,-2.29,-5.45,-4.57,-6.43,-9.28,-8.89,-8.88,-8.41,-8.45,-8.6,-7.98,-6.43,-6.94,-6.58,-6.6,-7.84,-6.89,-4.85,-2.18,-1.6,-0.14,-0.49,-0.36,-0.1,-0.67,-1.05,-1.92,-5.97,-4.12,-3.48,-2.31,-0.79,-1.53,-2.9,-2.62,-6.76,-5.89,-5.31
-3.8,-4.13,-3.55,-3.31,-2.25,-2.4,-2.36,-2.43,-3.03,-3.3,-2.18,-1.94,-2.32,-2.55,-2.94,-2.54,-1.53,-3.14,-4.29,-2.99,-6.04,-6.47,-3.79,-2.6,-1.08,0.62,2.38,3.34,4.01,3.55,1.04,-5.06,-4.16,-4.11,-5.85,-6.03,-6.16,-6.13,-7.24,-6.76,-9.03,-6.27,-6.77,-7.12,-7.34,-8.42,-9.42,-8.71,-8.36,-8.03,-8.77,-8.86,-7.71,-7.77,-7.49,-6.09,-9.38,-9.18,-9.02,-6.7,-2.78,-2.16,-0.86,-0.05,0.39,-0.85,-0.53,-1.1,-1.58,-4.45,-3.36,-1.1,-3.08,-2.52,-5.12,-4.85,-1.51,-4.7,-5.2
-4.65,-5.71,-6.12,-5.25,-5.15,-5.91,-4.63,-4.31,-3.69,-2.93,-2.68,-3.18,-3.58,-3.17,-3.88,-3.18,-0.68,-3.32,-5.75,-6.68,-6.62,-6.5,-6.1,-3.92,-0.51,0.43,0.64,-1.75,1.11,0.0,0.46,-1.2,-0.75,0.11,-1.09,-4.2,-3.74,-5.94,-6.5,-7.06,-3.67,-5.76,-5.07,-4.91,-5.93,-7.38,-6.34,-8.87,-7.45,-7.11,-8.64,-9.01,-8.12,-8.76,-7.31,-9.09,-9.65,-9.19,-9.42,-9.36,-3.45,-2.49,-2.34,-2.31,-1.47,-0.1,0.95,-1.64,-1.2,2.62,-2.96,-5.47,-4.36,-3.8,-5.38,-5.66,-5.75,-4.27,-3.09
-6.53,-6.79,-6.8,-6.43,-6.37,-6.23,-6.01,-5.74,-5.23,-5.3,-4.58,-5.33,-4.06,-2.16,-1.19,-0.07,-1.16,-4.55,-5.97,-7.49,-7.16,-7.47,-7.46,-7.78,-7.39,-7.29,-7.01,-7.45,-8.62,-7.29,-8.56,-7.43,-4.17,-3.1,-1.61,-0.93,-0.29,-1.9,-7.27,-4.31,-4.47,-1.09,-3.1,-2.73,-1.97,-0.88,-5.97,-5.7,-6.06,-6.66,-7.35,-8.73,-8.57,-8.78,-8.15,-9.14,-9.4,-9.32,-9.16,-5.11,-5.1,-4.2,-3.14,-2.79,-3.15,-6.58,-2.95,0.98,-0.99,0.43,-1.36,-4.94,-4.09,-3.93,-4.83,-6.12,-6.12,-5.97,-3.63
-7.18,-7.44,-7.21,-7.53,-6.45,-6.66,-7.31,-6.84,-6.77,-6.9,-7.28,-6.0,-5.25,-4.39,-5.05,-5.19,-5.04,-6.53,-7.04,-7.44,-7.23,-7.68,-7.5,-7.42,-7.1,-7.2,-7.76,-7.91,-8.16,-8.63,-9.35,-9.59,-10.07,-9.91,-9.31,-8.44,-9.41,-9.18,-5.41,-4.61,-6.58,-8.32,-3.29,-2.46,-0.81,-4.5,-2.3,-1.46,-4.86,-6.5,-7.7,-8.38,-8.84,-8.73,-8.45,-8.83,-9.18,-9.79,-10.86,-11.14,-11.06,-10.46,-6.79,-6.58,-5.11,-8.66,-9.42,-6.82,0.26,-0.79,-1.69,-2.9,-4.19,-4.35,-4.99,-5.49,-6.17,-7.37,-7.98
-7.03,-6.98,-7.19,-7.75,-7.3,-7.59,-7.6,-6.99,-6.7,-6.68,-6.91,-6.56,-6.24,-6.23,-6.0,-6.74,-7.11,-7.28,-7.52,-7.4,-7.52,-7.22,-6.84,-6.84,-6.38,-6.63,-7.47,-8.51,-9.05,-9.57,-10.01,-10.29,-10.44,-10.25,-9.86,-9.43,-9.29,-9.22,-8.91,-8.51,-8.12,-5.8,-6.93,-8.0,-8.93,-4.13,-5.65,-5.5,-4.71,-5.44,-6.6,-7.7,-7.81,-8.24,-7.95,-7.72,-8.47,-9.88,-10.61,-10.33,-10.53,-10.77,-10.63,-11.82,-9.87,-9.59,-10.29,-10.43,-11.02,-6.47,-1.59,-2.98,-4.01,-5.13,-5.85,-6.18,-6.14,-7.2,-8.74
-6.98,-7.33,-8.38,-8.23,-7.81,-7.56,-7.44,-6.72,-6.27,-5.82,-5.85,-5.85,-5.39,-5.75,-6.6,-7.33,-7.41,-7.36,-6.93,-7.34,-7.09,-7.29,-6.21,-5.93,-5.44,-5.61,-6.97,-8.43,-9.9,-9.98,-10.26,-10.54,-10.6,-10.4,-9.87,-9.44,-9.21,-8.91,-8.66,-8.46,-8.39,-8.48,-8.07,-8.21,-8.13,-8.03,-6.86,-6.08,-5.27,-5.15,-5.99,-6.23,-6.3,-6.75,-7.65,-6.81,-7.41,-9.13,-10.66,-10.32,-10.33,-10.62,-9.84,-10.0,-10.29,-9.97,-10.75,-11.37,-11.34,-10.65,-9.72,-7.51,-6.85,-6.78,-6.14,-6.93,-6.6,-7.17,-8.14
-6.46,-7.76,-8.19,-8.09,-8.03,-7.73,-7.31,-6.67,-6.16,-5.61,-5.45,-4.73,-4.07,-5.28,-6.9,-8.19,-8.02,-7.57,-6.97,-6.56,-6.6,-6.88,-6.04,-5.2,-4.47,-6.22,-6.92,-8.57,-10.0,-10.1,-10.27,-10.49,-10.69,-10.45,-9.88,-9.43,-8.99,-8.74,-8.64,-8.59,-8.54,-8.46,-8.05,-7.5,-7.91,-7.29,-6.75,-6.73,-6.96,-6.72,-6.42,-6.35,-5.63,-5.94,-4.59,-4.14,-5.77,-6.69,-9.25,-9.95,-10.47,-10.62,-9.66,-8.55,-9.96,-10.74,-10.93,-11.17,-10.75,-9.83,-8.98,-8.03,-7.81,-7.68,-7.97,-7.84,-7.55,-8.02,-8.59
-6.6,-7.94,-7.75,-7.87,-7.92,-7.64,-7.04,-6.92,-6.94,-5.88,-5.26,-5.68,-5.99,-7.51,-8.36,-8.98,-8.29,-8.86,-7.46,-7.06,-6.77,-6.39,-6.17,-5.8,-6.76,-7.44,-8.52,-9.15,-9.43,-9.6,-10.48,-10.64,-10.86,-10.49,-9.7,-9.26,-8.98,-8.65,-8.46,-8.49,-8.39,-8.12,-7.37,-6.56,-6.78,-7.1,-7.64,-8.07,-8.4,-7.78,-7.21,-5.86,-3.43,-3.79,-5.78,-4.45,-4.04,-3.7,-7.55,-9.21,-10.21,-10.43,-9.36,-5.57,-6.35,-11.33,-11.63,-11.34,-10.84,-10.32,-8.73,-8.06,-7.93,-8.13,-8.53,-9.07,-9.54,-9.26,-8.72
-6.68,-7.65,-7.52,-7.63,-7.55,-7.31,-7.27,-7.16,-7.78,-7.17,-6.34,-7.53,-8.13,-9.29,-9.03,-9.29,-8.32,-9.18,-8.41,-7.3,-7.53,-6.94,-6.73,-7.63,-8.51,-8.26,-9.59,-10.42,-10.31,-10.23,-10.92,-11.03,-10.49,-10.29,-9.54,-9.16,-9.16,-8.94,-8.66,-8.61,-8.59,-8.02,-7.24,-5.2,-3.46,-5.9,-7.23,-8.64,-6.22,-7.79,-7.07,-3.82,-3.55,-4.14,-4.72,-3.7,-4.36,-5.29,-7.14,-8.74,-9.55,-9.75,-9.43,-6.16,-6.7,-11.09,-11.67,-10.62,-10.18,-9.77,-9.3,-8.16,-7.89,-8.37,-8.65,-9.1,-9.44,-9.54,-9.05
